0.000000 -0.787991
0.301030 -1.030927
0.477121 -1.161167
0.602060 -1.250898
0.698970 -1.315484
0.778151 -1.370372
0.845098 -1.412561
0.903090 -1.449146
0.954243 -1.479847
1.000000 -1.508661
1.041393 -1.538291
1.079181 -1.562679
1.113943 -1.575956
1.146128 -1.605046
1.176091 -1.620276
1.204120 -1.631963
1.230449 -1.652257
1.255273 -1.664939
1.278754 -1.676582
1.301030 -1.693431
1.322219 -1.708137
1.342423 -1.713436
1.361728 -1.725858
1.380211 -1.734439
1.397940 -1.747221
1.414973 -1.766847
1.431364 -1.764952
1.447158 -1.777773
1.462398 -1.786226
1.477121 -1.797420
1.491362 -1.805799
1.505150 -1.807615
1.518514 -1.825405
1.531479 -1.825372
1.544068 -1.830341
1.556303 -1.840029
1.568202 -1.850407
1.579784 -1.848587
1.591065 -1.862351
1.602060 -1.868980
1.612784 -1.874140
1.623249 -1.879467
1.633468 -1.880351
1.643453 -1.886296
1.653213 -1.900813
1.662758 -1.894518
1.672098 -1.902497
1.681241 -1.913115
1.690196 -1.917083
1.698970 -1.924281
1.707570 -1.933547
1.716003 -1.933810
1.724276 -1.936772
1.732394 -1.942346
1.740363 -1.948092
1.748188 -1.948934
1.755875 -1.954516
1.763428 -1.963049
1.770852 -1.958577
1.778151 -1.966992
1.785330 -1.963379
1.792392 -1.968424
1.799341 -1.974072
1.806180 -1.975634
1.812913 -1.977541
1.819544 -1.983680
1.826075 -1.996903
1.832509 -2.001081
1.838849 -1.994114
1.845098 -2.004660
1.851258 -2.007121
1.857332 -2.016078
1.863323 -2.011597
1.869232 -2.020952
1.875061 -2.011756
1.880814 -2.012194
1.886491 -2.025081
1.892095 -2.034997
1.897627 -2.023614
1.903090 -2.041269
1.908485 -2.036334
1.913814 -2.042704
1.919078 -2.042725
1.924279 -2.046735
1.929419 -2.044947
1.934498 -2.052656
1.939519 -2.049774
1.944483 -2.060583
1.949390 -2.062722
1.954243 -2.072629
1.959041 -2.056155
1.963788 -2.068924
1.968483 -2.069812
1.973128 -2.070360
1.977724 -2.073409
1.982271 -2.073980
1.986772 -2.071623
1.991226 -2.070752
1.995635 -2.083802
2.000000 -2.104779
2.004321 -2.093323
2.008600 -2.093870
2.012837 -2.096882
2.017033 -2.102178
2.021189 -2.091109
2.025306 -2.106014
2.029384 -2.103578
2.033424 -2.105812
2.037426 -2.108816
2.041393 -2.101886
2.045323 -2.111201
2.049218 -2.097183
2.053078 -2.117710
2.056905 -2.133970
2.060698 -2.120869
2.064458 -2.132835
2.068186 -2.124337
2.071882 -2.129502
2.075547 -2.134708
2.079181 -2.131884
2.082785 -2.137253
2.086360 -2.128998
2.089905 -2.138379
2.093422 -2.139681
2.096910 -2.145902
2.100371 -2.145970
2.103804 -2.140137
2.107210 -2.148416
2.110590 -2.154540
2.113943 -2.150426
2.117271 -2.153198
2.120574 -2.160246
2.123852 -2.157858
2.127105 -2.158846
2.130334 -2.159485
2.133539 -2.173001
2.136721 -2.162059
2.139879 -2.164959
2.143015 -2.158972
2.146128 -2.176818
2.149219 -2.173319
2.152288 -2.180298
2.155336 -2.179922
2.158362 -2.189566
2.161368 -2.171070
2.164353 -2.192252
2.167317 -2.182042
2.170262 -2.180659
2.173186 -2.181436
2.176091 -2.173225
2.178977 -2.204136
2.181844 -2.204408
2.184691 -2.201610
2.187521 -2.201199
2.190332 -2.196013
2.193125 -2.207468
2.195900 -2.206925
2.198657 -2.199752
2.201397 -2.208849
2.204120 -2.216763
2.206826 -2.197367
2.209515 -2.211557
2.212188 -2.201946
2.214844 -2.227355
2.217484 -2.216956
2.220108 -2.217228
2.222716 -2.214863
2.225309 -2.216738
2.227887 -2.236096
2.230449 -2.208726
2.232996 -2.221662
2.235528 -2.228114
2.238046 -2.221635
2.240549 -2.233571
2.243038 -2.221372
2.245513 -2.237380
2.247973 -2.224336
2.250420 -2.245102
2.252853 -2.221408
2.255273 -2.247799
2.257679 -2.242571
2.260071 -2.260453
2.262451 -2.243057
2.264818 -2.240378
2.267172 -2.257203
2.269513 -2.237814
2.271842 -2.257299
2.274158 -2.232605
2.276462 -2.255268
2.278754 -2.248457
2.281033 -2.261941
2.283301 -2.257516
2.285557 -2.256057
2.287802 -2.263820
2.290035 -2.259934
2.292256 -2.232741
2.294466 -2.279300
2.296665 -2.258973
2.298853 -2.275601
2.301030 -2.274905
2.303196 -2.272162
2.305351 -2.274830
2.307496 -2.277316
2.309630 -2.265879
2.311754 -2.262628
2.313867 -2.264175
2.315970 -2.287806
2.318063 -2.270399
2.320146 -2.281170
2.322219 -2.276544
2.324282 -2.274670
2.326336 -2.290720
2.328380 -2.294349
2.330414 -2.280156
2.332438 -2.282699
2.334454 -2.273496
2.336460 -2.271334
2.338456 -2.295794
2.340444 -2.275264
2.342423 -2.293432
2.344392 -2.296273
2.346353 -2.299721
2.348305 -2.294555
2.350248 -2.282855
2.352183 -2.284399
2.354108 -2.293812
2.356026 -2.314017
2.357935 -2.305365
2.359835 -2.302647
2.361728 -2.301177
2.363612 -2.311553
2.365488 -2.314544
2.367356 -2.299935
2.369216 -2.300296
2.371068 -2.297015
2.372912 -2.314387
2.374748 -2.309369
2.376577 -2.296520
2.378398 -2.312738
2.380211 -2.320558
2.382017 -2.314119
2.383815 -2.345631
2.385606 -2.313387
2.387390 -2.320142
2.389166 -2.341268
2.390935 -2.327678
2.392697 -2.334447
2.394452 -2.331042
2.396199 -2.320784
2.397940 -2.346884
2.399674 -2.331086
2.401401 -2.336549
2.403121 -2.310359
2.404834 -2.327396
2.406540 -2.337765
2.408240 -2.308705
2.409933 -2.320780
2.411620 -2.330662
2.413300 -2.337395
2.414973 -2.330952
2.416641 -2.342695
2.418301 -2.337165
2.419956 -2.324063
2.421604 -2.343614
2.423246 -2.356425
2.424882 -2.347640
2.426511 -2.350418
2.428135 -2.349198
2.429752 -2.353318
2.431364 -2.351440
2.432969 -2.357372
2.434569 -2.353866
2.436163 -2.357852
2.437751 -2.344953
2.439333 -2.358893
2.440909 -2.354503
2.442480 -2.349238
2.444045 -2.365861
2.445604 -2.346857
2.447158 -2.362360
2.448706 -2.383848
2.450249 -2.391606
2.451786 -2.354655
2.453318 -2.355751
2.454845 -2.369497
2.456366 -2.372393
2.457882 -2.359050
2.459392 -2.365923
2.460898 -2.370142
2.462398 -2.377212
2.463893 -2.372136
2.465383 -2.374775
2.466868 -2.378498
2.468347 -2.362493
2.469822 -2.349021
2.471292 -2.361010
2.472756 -2.382788
2.474216 -2.376213
2.475671 -2.357783
2.477121 -2.357947
2.478566 -2.373014
2.480007 -2.358447
2.481443 -2.362495
2.482874 -2.387204
2.484300 -2.373555
2.485721 -2.373623
2.487138 -2.393024
2.488551 -2.415465
2.489958 -2.384702
2.491362 -2.376423
2.492760 -2.384464
2.494155 -2.387036
2.495544 -2.382492
2.496930 -2.423586
2.498311 -2.406511
2.499687 -2.377753
2.501059 -2.395570
2.502427 -2.410793
2.503791 -2.404938
2.505150 -2.406095
2.506505 -2.388631
2.507856 -2.395759
2.509203 -2.437859
2.510545 -2.407102
2.511883 -2.369556
2.513218 -2.393929
2.514548 -2.394572
2.515874 -2.421602
2.517196 -2.423815
2.518514 -2.419010
2.519828 -2.380497
2.521138 -2.403449
2.522444 -2.421512
2.523746 -2.413176
2.525045 -2.397438
2.526339 -2.404844
2.527630 -2.383462
2.528917 -2.427808
2.530200 -2.399045
2.531479 -2.424382
2.532754 -2.419597
2.534026 -2.424135
2.535294 -2.401613
2.536558 -2.421303
2.537819 -2.415402
2.539076 -2.428067
2.540329 -2.444141
2.541579 -2.428000
2.542825 -2.391355
2.544068 -2.422262
2.545307 -2.410546
2.546543 -2.442614
2.547775 -2.443125
2.549003 -2.403948
2.550228 -2.430570
2.551450 -2.413917
2.552668 -2.445642
2.553883 -2.418427
2.555094 -2.421168
2.556303 -2.428461
2.557507 -2.439707
2.558709 -2.430123
2.559907 -2.431794
2.561101 -2.442656
2.562293 -2.439852
2.563481 -2.436618
2.564666 -2.445058
2.565848 -2.464562
2.567026 -2.448493
2.568202 -2.462801
2.569374 -2.446497
2.570543 -2.453913
2.571709 -2.442721
2.572872 -2.464716
2.574031 -2.427888
2.575188 -2.414744
2.576341 -2.454021
2.577492 -2.480047
2.578639 -2.457941
2.579784 -2.465511
2.580925 -2.449277
2.582063 -2.448807
2.583199 -2.430114
2.584331 -2.440227
2.585461 -2.463453
2.586587 -2.466554
2.587711 -2.456624
2.588832 -2.470200
2.589950 -2.465731
2.591065 -2.463147
2.592177 -2.452462
2.593286 -2.430082
2.594393 -2.498927
2.595496 -2.463256
2.596597 -2.486248
2.597695 -2.460614
2.598791 -2.455144
2.599883 -2.464951
2.600973 -2.459084
2.602060 -2.463320
2.603144 -2.464226
2.604226 -2.481099
2.605305 -2.458085
2.606381 -2.504609
2.607455 -2.453084
2.608526 -2.473140
2.609594 -2.457962
2.610660 -2.437030
2.611723 -2.480356
2.612784 -2.473600
2.613842 -2.467296
2.614897 -2.498952
2.615950 -2.474011
2.617000 -2.466573
2.618048 -2.478915
2.619093 -2.457419
2.620136 -2.490235
2.621176 -2.486798
2.622214 -2.503797
2.623249 -2.499035
2.624282 -2.492291
2.625312 -2.470753
2.626340 -2.451753
2.627366 -2.491245
2.628389 -2.461283
2.629410 -2.487786
2.630428 -2.498853
2.631444 -2.501089
2.632457 -2.493793
2.633468 -2.492169
2.634477 -2.479362
2.635484 -2.495785
2.636488 -2.489983
2.637490 -2.484474
2.638489 -2.509403
2.639486 -2.499003
2.640481 -2.498549
2.641474 -2.493441
2.642465 -2.473717
2.643453 -2.494533
2.644439 -2.519955
2.645422 -2.526616
2.646404 -2.488998
2.647383 -2.504736
2.648360 -2.493679
2.649335 -2.499752
2.650308 -2.510606
2.651278 -2.515071
2.652246 -2.496851
2.653213 -2.483898
2.654177 -2.516279
2.655138 -2.483512
2.656098 -2.488079
2.657056 -2.500815
2.658011 -2.501959
2.658965 -2.500677
2.659916 -2.521129
2.660865 -2.526138
2.661813 -2.535429
2.662758 -2.518227
2.663701 -2.523106
2.664642 -2.514063
2.665581 -2.536139
2.666518 -2.514384
2.667453 -2.520155
2.668386 -2.545658
2.669317 -2.511767
2.670246 -2.512943
2.671173 -2.525215
2.672098 -2.536537
2.673021 -2.504813
2.673942 -2.512464
2.674861 -2.513758
2.675778 -2.529344
2.676694 -2.512159
2.677607 -2.513885
2.678518 -2.539317
2.679428 -2.537610
2.680336 -2.533190
2.681241 -2.503510
2.682145 -2.527324
2.683047 -2.528306
2.683947 -2.537792
2.684845 -2.531254
2.685742 -2.514849
2.686636 -2.523236
2.687529 -2.507766
2.688420 -2.519387
2.689309 -2.515686
2.690196 -2.535815
2.691081 -2.550624
2.691965 -2.554634
2.692847 -2.543769
2.693727 -2.549208
2.694605 -2.564395
2.695482 -2.563866
2.696356 -2.544957
2.697229 -2.547289
2.698101 -2.540192
2.698970 -2.547792
2.699838 -2.518888
2.700704 -2.513479
2.701568 -2.550105
2.702431 -2.568703
2.703291 -2.559460
2.704151 -2.535951
2.705008 -2.565891
2.705864 -2.553842
2.706718 -2.548527
2.707570 -2.549800
2.708421 -2.531007
2.709270 -2.503697
2.710117 -2.545485
2.710963 -2.535155
2.711807 -2.535307
2.712650 -2.563131
2.713491 -2.566150
2.714330 -2.552408
2.715167 -2.528503
2.716003 -2.518630
2.716838 -2.548210
2.717671 -2.556992
2.718502 -2.522325
2.719331 -2.563423
2.720159 -2.548813
2.720986 -2.527565
2.721811 -2.535647
2.722634 -2.566383
2.723456 -2.553086
2.724276 -2.571845
2.725095 -2.550044
2.725912 -2.576726
2.726727 -2.572022
2.727541 -2.569442
2.728354 -2.588283
2.729165 -2.567055
2.729974 -2.559115
2.730782 -2.571217
2.731589 -2.548243
2.732394 -2.568336
2.733197 -2.565281
2.733999 -2.581973
2.734800 -2.565562
2.735599 -2.585443
2.736397 -2.571285
2.737193 -2.564803
2.737987 -2.561461
2.738781 -2.561054
2.739572 -2.570970
2.740363 -2.597960
2.741152 -2.580445
2.741939 -2.565814
2.742725 -2.581825
2.743510 -2.580882
2.744293 -2.585256
2.745075 -2.589258
2.745855 -2.574220
2.746634 -2.529430
2.747412 -2.566259
2.748188 -2.585907
2.748963 -2.566723
2.749736 -2.589011
2.750508 -2.589871
2.751279 -2.600243
2.752048 -2.619437
2.752816 -2.633983
2.753583 -2.614445
2.754348 -2.573444
2.755112 -2.559402
2.755875 -2.558758
2.756636 -2.552494
2.757396 -2.605764
2.758155 -2.591286
2.758912 -2.569205
2.759668 -2.590748
2.760422 -2.609296
2.761176 -2.612764
2.761928 -2.613612
2.762679 -2.622102
2.763428 -2.600990
2.764176 -2.546878
2.764923 -2.582618
2.765669 -2.590467
2.766413 -2.582631
2.767156 -2.590591
2.767898 -2.615847
2.768638 -2.600354
2.769377 -2.553512
2.770115 -2.595141
2.770852 -2.582700
2.771587 -2.580119
2.772322 -2.570942
2.773055 -2.574035
2.773786 -2.619847
2.774517 -2.587071
2.775246 -2.586829
2.775974 -2.615312
2.776701 -2.604417
2.777427 -2.588647
2.778151 -2.573297
2.778874 -2.564824
2.779596 -2.562559
2.780317 -2.565806
2.781037 -2.551472
2.781755 -2.579068
2.782473 -2.596184
2.783189 -2.599343
2.783904 -2.614207
2.784617 -2.623115
2.785330 -2.601825
2.786041 -2.617691
2.786751 -2.609517
2.787460 -2.592319
2.788168 -2.614424
2.788875 -2.623424
2.789581 -2.642823
2.790285 -2.604241
2.790988 -2.589195
2.791691 -2.628437
2.792392 -2.637168
2.793092 -2.630179
2.793790 -2.624555
2.794488 -2.647204
2.795185 -2.647354
2.795880 -2.640822
2.796574 -2.594949
2.797268 -2.583972
2.797960 -2.612954
2.798651 -2.604426
2.799341 -2.598733
2.800029 -2.603660
2.800717 -2.622389
2.801404 -2.625825
2.802089 -2.594921
2.802774 -2.586833
2.803457 -2.628590
2.804139 -2.668554
2.804821 -2.669151
2.805501 -2.620125
2.806180 -2.610030
2.806858 -2.602146
2.807535 -2.614637
2.808211 -2.659077
2.808886 -2.671022
2.809560 -2.662669
2.810233 -2.654870
2.810904 -2.623923
2.811575 -2.617844
2.812245 -2.624100
2.812913 -2.616327
2.813581 -2.625681
2.814248 -2.624142
2.814913 -2.633575
2.815578 -2.610215
2.816241 -2.622685
2.816904 -2.623184
2.817565 -2.634522
2.818226 -2.644132
2.818885 -2.629214
2.819544 -2.626170
2.820201 -2.628453
2.820858 -2.654900
2.821514 -2.677925
2.822168 -2.639896
2.822822 -2.629650
2.823474 -2.619762
2.824126 -2.630690
2.824776 -2.624875
2.825426 -2.624912
2.826075 -2.639082
2.826723 -2.685730
2.827369 -2.675827
2.828015 -2.663863
2.828660 -2.624651
2.829304 -2.662563
2.829947 -2.697166
2.830589 -2.671215
2.831230 -2.637192
2.831870 -2.644495
2.832509 -2.646298
2.833147 -2.647115
2.833784 -2.652056
2.834421 -2.640727
2.835056 -2.630715
2.835691 -2.636848
2.836324 -2.638137
2.836957 -2.626558
2.837588 -2.596278
2.838219 -2.610370
2.838849 -2.624753
2.839478 -2.672473
2.840106 -2.665831
2.840733 -2.651366
2.841359 -2.665327
2.841985 -2.662301
2.842609 -2.655233
2.843233 -2.651587
2.843855 -2.629918
2.844477 -2.639656
2.845098 -2.634651
2.845718 -2.621470
2.846337 -2.634190
2.846955 -2.623086
2.847573 -2.645714
2.848189 -2.664830
2.848805 -2.650700
2.849419 -2.646358
2.850033 -2.603127
2.850646 -2.623450
2.851258 -2.654855
2.851870 -2.656896
2.852480 -2.634427
2.853090 -2.609295
2.853698 -2.619238
2.854306 -2.640802
2.854913 -2.615632
2.855519 -2.608827
2.856124 -2.614674
2.856729 -2.646761
2.857332 -2.674491
2.857935 -2.654893
2.858537 -2.669900
2.859138 -2.653754
2.859739 -2.626630
2.860338 -2.645205
2.860937 -2.660150
2.861534 -2.663128
2.862131 -2.657521
2.862728 -2.621244
2.863323 -2.631563
2.863917 -2.660960
2.864511 -2.666678
2.865104 -2.652607
2.865696 -2.635526
2.866287 -2.639902
2.866878 -2.667818
2.867467 -2.687693
2.868056 -2.683256
2.868644 -2.676527
2.869232 -2.662400
2.869818 -2.665619
2.870404 -2.685007
2.870989 -2.682967
2.871573 -2.677415
2.872156 -2.647161
2.872739 -2.615083
2.873321 -2.630976
2.873902 -2.632380
2.874482 -2.614517
2.875061 -2.611490
2.875640 -2.616618
2.876218 -2.616381
2.876795 -2.640792
2.877371 -2.656368
2.877947 -2.667773
2.878522 -2.689847
2.879096 -2.668124
2.879669 -2.673327
2.880242 -2.687961
2.880814 -2.688450
2.881385 -2.674093
2.881955 -2.679866
2.882525 -2.675718
2.883093 -2.663118
2.883661 -2.668657
2.884229 -2.660241
2.884795 -2.661532
2.885361 -2.659929
2.885926 -2.677076
2.886491 -2.691258
2.887054 -2.693748
2.887617 -2.663107
2.888179 -2.641411
2.888741 -2.626738
2.889302 -2.624872
2.889862 -2.645835
2.890421 -2.652889
2.890980 -2.671160
2.891537 -2.657435
2.892095 -2.648705
2.892651 -2.644310
2.893207 -2.641054
2.893762 -2.669358
2.894316 -2.645944
2.894870 -2.655962
2.895423 -2.658409
2.895975 -2.630473
2.896526 -2.641685
2.897077 -2.654669
2.897627 -2.695520
2.898176 -2.691343
2.898725 -2.685185
2.899273 -2.650757
2.899821 -2.621687
2.900367 -2.634350
2.900913 -2.663705
2.901458 -2.684261
2.902003 -2.691491
2.902547 -2.681947
2.903090 -2.655095
2.903633 -2.648952
2.904174 -2.662287
2.904716 -2.664982
2.905256 -2.663362
2.905796 -2.649312
2.906335 -2.661397
2.906874 -2.665934
2.907411 -2.676542
2.907949 -2.686853
2.908485 -2.666839
2.909021 -2.668728
2.909556 -2.690995
2.910091 -2.688926
2.910624 -2.676744
2.911158 -2.681979
2.911690 -2.699496
2.912222 -2.703533
2.912753 -2.719043
2.913284 -2.716592
2.913814 -2.684087
2.914343 -2.645739
2.914872 -2.653050
2.915400 -2.656004
2.915927 -2.653122
2.916454 -2.641815
2.916980 -2.630168
2.917506 -2.681086
2.918030 -2.703304
2.918555 -2.737276
2.919078 -2.736199
2.919601 -2.719014
2.920123 -2.700999
2.920645 -2.682088
2.921166 -2.668787
2.921686 -2.673293
2.922206 -2.681836
2.922725 -2.673886
2.923244 -2.696286
2.923762 -2.716049
2.924279 -2.719214
2.924796 -2.721918
2.925312 -2.729434
2.925828 -2.737177
2.926342 -2.719017
2.926857 -2.726151
2.927370 -2.718068
2.927883 -2.699280
2.928396 -2.681984
2.928908 -2.652670
2.929419 -2.670864
2.929930 -2.691869
2.930440 -2.719877
2.930949 -2.730521
2.931458 -2.720109
2.931966 -2.703975
2.932474 -2.688937
2.932981 -2.708348
2.933487 -2.688396
2.933993 -2.712395
2.934498 -2.706716
2.935003 -2.695516
2.935507 -2.686913
2.936011 -2.677126
2.936514 -2.684078
2.937016 -2.696859
2.937518 -2.682477
2.938019 -2.694841
2.938520 -2.692379
2.939020 -2.702526
2.939519 -2.716507
2.940018 -2.711974
2.940516 -2.694499
2.941014 -2.692354
2.941511 -2.699023
2.942008 -2.722523
2.942504 -2.729921
2.943000 -2.727515
2.943495 -2.735625
2.943989 -2.732006
2.944483 -2.714670
2.944976 -2.710127
2.945469 -2.705910
2.945961 -2.718468
2.946452 -2.706055
2.946943 -2.697679
2.947434 -2.702206
2.947924 -2.715343
2.948413 -2.721308
2.948902 -2.706457
2.949390 -2.696541
2.949878 -2.693050
2.950365 -2.688152
2.950851 -2.679460
2.951338 -2.685692
2.951823 -2.702120
2.952308 -2.707852
2.952792 -2.705685
2.953276 -2.713879
2.953760 -2.733888
2.954243 -2.744606
2.954725 -2.742688
2.955207 -2.725053
2.955688 -2.718967
2.956168 -2.702802
2.956649 -2.721836
2.957128 -2.708203
2.957607 -2.712396
2.958086 -2.725785
2.958564 -2.714000
2.959041 -2.688179
2.959518 -2.677757
2.959995 -2.700120
2.960471 -2.731369
2.960946 -2.727780
2.961421 -2.730829
2.961895 -2.734660
2.962369 -2.730850
2.962843 -2.733561
2.963316 -2.733309
2.963788 -2.702608
2.964260 -2.721122
2.964731 -2.729167
2.965202 -2.737646
2.965672 -2.745416
2.966142 -2.745211
2.966611 -2.727229
2.967080 -2.738879
2.967548 -2.738040
2.968016 -2.726886
2.968483 -2.731639
2.968950 -2.754748
2.969416 -2.749988
2.969882 -2.745693
2.970347 -2.725354
2.970812 -2.708043
2.971276 -2.706504
2.971740 -2.704594
2.972203 -2.734040
2.972666 -2.752394
2.973128 -2.747307
2.973590 -2.779785
2.974051 -2.783923
2.974512 -2.767660
2.974972 -2.754350
2.975432 -2.768942
2.975891 -2.747343
2.976350 -2.736483
2.976808 -2.743395
2.977266 -2.734847
2.977724 -2.728104
2.978181 -2.749545
2.978637 -2.749785
2.979093 -2.752064
2.979548 -2.765170
2.980003 -2.764054
2.980458 -2.775052
2.980912 -2.783803
2.981366 -2.780877
2.981819 -2.775072
2.982271 -2.753184
2.982723 -2.747503
2.983175 -2.742658
2.983626 -2.733349
2.984077 -2.715532
2.984527 -2.706889
2.984977 -2.699638
2.985426 -2.702469
2.985875 -2.716508
2.986324 -2.707374
2.986772 -2.708411
2.987219 -2.701879
2.987666 -2.730036
2.988113 -2.736511
2.988559 -2.745676
2.989005 -2.753138
2.989450 -2.765245
2.989895 -2.757024
2.990339 -2.766440
2.990783 -2.763497
2.991226 -2.750102
2.991669 -2.751486
2.992111 -2.749890
2.992554 -2.754197
2.992995 -2.758872
2.993436 -2.750241
2.993877 -2.767287
2.994317 -2.780265
2.994757 -2.781090
2.995196 -2.791827
2.995635 -2.791712
2.996074 -2.778342
2.996512 -2.764766
2.996949 -2.755918
2.997386 -2.761746
2.997823 -2.765543
2.998259 -2.744893
2.998695 -2.754453
2.999131 -2.741456
2.999565 -2.732381
3.000000 -2.744631
3.000434 -2.742651
3.000868 -2.747271
3.001301 -2.735625
3.001734 -2.728226
3.002166 -2.762800
3.002598 -2.793339
3.003029 -2.820701
3.003461 -2.813239
3.003891 -2.792677
3.004321 -2.771260
3.004751 -2.755647
3.005181 -2.758881
3.005609 -2.756093
3.006038 -2.759614
3.006466 -2.746958
3.006894 -2.740746
3.007321 -2.776152
3.007748 -2.788098
3.008174 -2.803562
3.008600 -2.793051
3.009026 -2.783388
3.009451 -2.776067
3.009876 -2.763360
3.010300 -2.758782
3.010724 -2.764795
3.011147 -2.748113
3.011570 -2.746392
3.011993 -2.743688
3.012415 -2.719702
3.012837 -2.749625
3.013259 -2.756607
3.013680 -2.746866
3.014100 -2.745936
3.014521 -2.750149
3.014940 -2.735921
3.015360 -2.750391
3.015779 -2.765936
3.016197 -2.757033
3.016616 -2.763247
3.017033 -2.764842
3.017451 -2.794403
3.017868 -2.790213
3.018284 -2.796959
3.018700 -2.787797
3.019116 -2.766362
3.019532 -2.734192
3.019947 -2.729642
3.020361 -2.740034
3.020775 -2.741533
3.021189 -2.728120
3.021603 -2.729779
3.022016 -2.746402
3.022428 -2.782616
3.022841 -2.790274
3.023252 -2.800940
3.023664 -2.811068
3.024075 -2.804918
3.024486 -2.789488
3.024896 -2.792018
3.025306 -2.785964
3.025715 -2.774345
3.026125 -2.747861
3.026533 -2.754928
3.026942 -2.747536
3.027350 -2.754752
3.027757 -2.769869
3.028164 -2.776414
3.028571 -2.769600
3.028978 -2.774926
3.029384 -2.788718
3.029789 -2.791842
3.030195 -2.783200
3.030600 -2.787741
3.031004 -2.794209
3.031408 -2.807331
3.031812 -2.813422
3.032216 -2.797197
3.032619 -2.800801
3.033021 -2.815549
3.033424 -2.800863
3.033826 -2.779529
3.034227 -2.762639
3.034628 -2.773711
3.035029 -2.790827
3.035430 -2.782755
3.035830 -2.781552
3.036230 -2.772529
3.036629 -2.789323
3.037028 -2.796256
3.037426 -2.790981
3.037825 -2.790931
3.038223 -2.803473
3.038620 -2.814092
3.039017 -2.802435
3.039414 -2.820482
3.039811 -2.814408
3.040207 -2.791105
3.040602 -2.768993
3.040998 -2.764269
3.041393 -2.749167
3.041787 -2.736803
3.042182 -2.733679
3.042576 -2.739340
3.042969 -2.732273
3.043362 -2.723610
3.043755 -2.747283
3.044148 -2.773792
3.044540 -2.796000
3.044932 -2.824714
3.045323 -2.839474
3.045714 -2.852305
3.046105 -2.846744
3.046495 -2.843954
3.046885 -2.837418
3.047275 -2.826067
3.047664 -2.805519
3.048053 -2.802300
3.048442 -2.799061
3.048830 -2.810967
3.049218 -2.813629
3.049606 -2.796765
3.049993 -2.780749
3.050380 -2.756063
3.050766 -2.755770
3.051153 -2.744283
3.051538 -2.751495
3.051924 -2.769953
3.052309 -2.776989
3.052694 -2.772467
3.053078 -2.788454
3.053463 -2.794826
3.053846 -2.806139
3.054230 -2.827186
3.054613 -2.857837
3.054996 -2.854727
3.055378 -2.849953
3.055760 -2.844425
3.056142 -2.833937
3.056524 -2.832351
3.056905 -2.809325
3.057286 -2.775846
3.057666 -2.769238
3.058046 -2.768771
3.058426 -2.758531
3.058805 -2.729993
3.059185 -2.719766
3.059563 -2.711881
3.059942 -2.728076
3.060320 -2.733144
3.060698 -2.741879
3.061075 -2.757342
3.061452 -2.787509
3.061829 -2.805466
3.062206 -2.818713
3.062582 -2.820238
3.062958 -2.835065
3.063333 -2.833947
3.063709 -2.838826
3.064083 -2.834168
3.064458 -2.824446
3.064832 -2.815940
3.065206 -2.802449
3.065580 -2.800221
3.065953 -2.811779
3.066326 -2.791473
3.066699 -2.786857
3.067071 -2.778760
3.067443 -2.761627
3.067815 -2.766871
3.068186 -2.780476
3.068557 -2.793399
3.068928 -2.801742
3.069298 -2.790118
3.069668 -2.777777
3.070038 -2.766022
3.070407 -2.756970
3.070776 -2.762920
3.071145 -2.772857
3.071514 -2.795239
3.071882 -2.807186
3.072250 -2.811077
3.072617 -2.808620
3.072985 -2.805800
3.073352 -2.798560
3.073718 -2.802095
3.074085 -2.810695
3.074451 -2.819596
3.074816 -2.825481
3.075182 -2.809671
3.075547 -2.774984
3.075912 -2.745968
3.076276 -2.748608
3.076640 -2.755959
3.077004 -2.767141
3.077368 -2.780886
3.077731 -2.792648
3.078094 -2.796853
3.078457 -2.796699
3.078819 -2.795175
3.079181 -2.792004
3.079543 -2.774689
3.079904 -2.788728
3.080266 -2.798816
3.080626 -2.796953
3.080987 -2.780152
3.081347 -2.791877
3.081707 -2.775074
3.082067 -2.758683
3.082426 -2.765687
3.082785 -2.777304
3.083144 -2.803941
3.083503 -2.818151
3.083861 -2.833595
3.084219 -2.832634
3.084576 -2.827319
3.084934 -2.821754
3.085291 -2.829930
3.085647 -2.835208
3.086004 -2.829778
3.086360 -2.837031
3.086716 -2.826599
3.087071 -2.833772
3.087426 -2.831090
3.087781 -2.822496
3.088136 -2.803413
3.088490 -2.780394
3.088845 -2.787307
3.089198 -2.819873
3.089552 -2.827497
3.089905 -2.828087
3.090258 -2.826192
3.090611 -2.822441
3.090963 -2.825556
3.091315 -2.812797
3.091667 -2.788683
3.092018 -2.789959
3.092370 -2.795128
3.092721 -2.815776
3.093071 -2.808461
3.093422 -2.809728
3.093772 -2.815695
3.094122 -2.796382
3.094471 -2.805170
3.094820 -2.810087
3.095169 -2.827182
3.095518 -2.857528
3.095866 -2.865254
3.096215 -2.867657
3.096562 -2.882751
3.096910 -2.872552
3.097257 -2.856310
3.097604 -2.840700
3.097951 -2.821764
3.098298 -2.825369
3.098644 -2.825215
3.098990 -2.823358
3.099335 -2.820810
3.099681 -2.809054
3.100026 -2.810343
3.100371 -2.814391
3.100715 -2.801777
3.101059 -2.795167
3.101403 -2.796300
3.101747 -2.809100
3.102091 -2.812613
3.102434 -2.807044
3.102777 -2.813650
3.103119 -2.809728
3.103462 -2.825891
3.103804 -2.835977
3.104146 -2.835208
3.104487 -2.849833
3.104828 -2.848333
3.105169 -2.846283
3.105510 -2.855234
3.105851 -2.850637
3.106191 -2.840217
3.106531 -2.829363
3.106871 -2.809766
3.107210 -2.780126
3.107549 -2.775400
3.107888 -2.777540
3.108227 -2.780787
3.108565 -2.797914
3.108903 -2.818219
3.109241 -2.829060
3.109579 -2.826450
3.109916 -2.836820
3.110253 -2.837390
3.110590 -2.822724
3.110926 -2.823493
3.111263 -2.839992
3.111599 -2.833803
3.111934 -2.845132
3.112270 -2.847867
3.112605 -2.851607
3.112940 -2.859663
3.113275 -2.844550
3.113609 -2.833189
3.113943 -2.832059
3.114277 -2.847382
3.114611 -2.864971
3.114944 -2.885371
3.115278 -2.910400
3.115611 -2.919102
3.115943 -2.912060
3.116276 -2.898042
3.116608 -2.880471
3.116940 -2.877556
3.117271 -2.872079
3.117603 -2.871928
3.117934 -2.876248
3.118265 -2.871960
3.118595 -2.871401
3.118926 -2.870500
3.119256 -2.851573
3.119586 -2.852389
3.119915 -2.846007
3.120245 -2.851021
3.120574 -2.862628
3.120903 -2.860417
3.121231 -2.856146
3.121560 -2.859589
3.121888 -2.863175
3.122216 -2.869004
3.122544 -2.861479
3.122871 -2.853062
3.123198 -2.843121
3.123525 -2.850769
3.123852 -2.851823
3.124178 -2.848914
3.124504 -2.840643
3.124830 -2.844911
3.125156 -2.828617
3.125481 -2.818195
3.125806 -2.817896
3.126131 -2.807473
3.126456 -2.805697
3.126781 -2.817138
3.127105 -2.822080
3.127429 -2.828614
3.127753 -2.835828
3.128076 -2.841887
3.128399 -2.844702
3.128722 -2.844690
3.129045 -2.852276
3.129368 -2.839615
3.129690 -2.837864
3.130012 -2.856759
3.130334 -2.856987
3.130655 -2.880045
3.130977 -2.879614
3.131298 -2.882565
3.131619 -2.880180
3.131939 -2.868596
3.132260 -2.864015
3.132580 -2.873468
3.132900 -2.880000
3.133219 -2.878262
3.133539 -2.887139
3.133858 -2.894196
3.134177 -2.878077
3.134496 -2.877821
3.134814 -2.877171
3.135133 -2.872610
3.135451 -2.874353
3.135769 -2.876012
3.136086 -2.864553
3.136403 -2.869406
3.136721 -2.863932
3.137037 -2.875621
3.137354 -2.860842
3.137671 -2.860564
3.137987 -2.870048
3.138303 -2.857356
3.138618 -2.847660
3.138934 -2.836827
3.139249 -2.835439
3.139564 -2.820550
3.139879 -2.806814
3.140194 -2.808461
3.140508 -2.839972
3.140822 -2.840644
3.141136 -2.840378
3.141450 -2.855118
3.141763 -2.867573
3.142076 -2.884460
3.142389 -2.880914
3.142702 -2.866119
3.143015 -2.857819
3.143327 -2.859647
3.143639 -2.852706
3.143951 -2.862744
3.144263 -2.854570
3.144574 -2.846315
3.144885 -2.844739
3.145196 -2.844549
3.145507 -2.845447
3.145818 -2.836340
3.146128 -2.817468
3.146438 -2.793380
3.146748 -2.793736
3.147058 -2.795846
3.147367 -2.807448
3.147676 -2.813474
3.147985 -2.810771
3.148294 -2.817680
3.148603 -2.827226
3.148911 -2.831647
3.149219 -2.849965
3.149527 -2.844842
3.149835 -2.841643
3.150142 -2.844622
3.150449 -2.849556
3.150756 -2.858817
3.151063 -2.856411
3.151370 -2.852947
3.151676 -2.867793
3.151982 -2.870368
3.152288 -2.892045
3.152594 -2.903872
3.152900 -2.901545
3.153205 -2.891276
3.153510 -2.880390
3.153815 -2.859968
3.154120 -2.882447
3.154424 -2.893091
3.154728 -2.891387
3.155032 -2.884131
3.155336 -2.887409
3.155640 -2.891144
3.155943 -2.884942
3.156246 -2.876744
3.156549 -2.881990
3.156852 -2.884016
3.157154 -2.877191
3.157457 -2.871582
3.157759 -2.871942
3.158061 -2.872520
3.158362 -2.857849
3.158664 -2.842526
3.158965 -2.842449
3.159266 -2.834989
3.159567 -2.840858
3.159868 -2.857132
3.160168 -2.842077
3.160469 -2.831779
3.160769 -2.827292
3.161068 -2.823438
3.161368 -2.839172
3.161667 -2.840694
3.161967 -2.835626
3.162266 -2.840442
3.162564 -2.842970
3.162863 -2.855397
3.163161 -2.846621
3.163460 -2.844236
3.163758 -2.848988
3.164055 -2.857816
3.164353 -2.862409
3.164650 -2.874648
3.164947 -2.871878
3.165244 -2.875718
3.165541 -2.890644
3.165838 -2.877277
3.166134 -2.881271
3.166430 -2.882125
3.166726 -2.883120
3.167022 -2.888442
3.167317 -2.892167
3.167613 -2.885052
3.167908 -2.879341
3.168203 -2.886019
3.168497 -2.901051
3.168792 -2.890767
3.169086 -2.897242
3.169380 -2.888759
3.169674 -2.894440
3.169968 -2.888520
3.170262 -2.886443
3.170555 -2.886212
3.170848 -2.888677
3.171141 -2.897731
3.171434 -2.891691
3.171726 -2.891346
3.172019 -2.881077
3.172311 -2.875577
3.172603 -2.869187
3.172895 -2.873184
3.173186 -2.861791
3.173478 -2.864995
3.173769 -2.858772
3.174060 -2.848022
3.174351 -2.857170
3.174641 -2.856230
3.174932 -2.852412
3.175222 -2.846906
3.175512 -2.845376
3.175802 -2.860963
3.176091 -2.868385
3.176381 -2.865126
3.176670 -2.868427
3.176959 -2.883792
3.177248 -2.883193
3.177536 -2.892724
3.177825 -2.907861
3.178113 -2.908023
3.178401 -2.910431
3.178689 -2.918628
3.178977 -2.917440
3.179264 -2.932517
3.179552 -2.932115
3.179839 -2.930837
3.180126 -2.921623
3.180413 -2.906383
3.180699 -2.877728
3.180986 -2.867567
3.181272 -2.860654
3.181558 -2.863737
3.181844 -2.860533
3.182129 -2.849516
3.182415 -2.839548
3.182700 -2.838101
3.182985 -2.837455
3.183270 -2.841174
3.183555 -2.833646
3.183839 -2.833840
3.184123 -2.829363
3.184407 -2.835166
3.184691 -2.834290
3.184975 -2.829449
3.185259 -2.819422
3.185542 -2.828566
3.185825 -2.827586
3.186108 -2.844998
3.186391 -2.862782
3.186674 -2.880810
3.186956 -2.900596
3.187239 -2.902276
3.187521 -2.915430
3.187803 -2.903964
3.188084 -2.910793
3.188366 -2.890126
3.188647 -2.882472
3.188928 -2.903862
3.189209 -2.911027
3.189490 -2.908057
3.189771 -2.914563
3.190051 -2.912014
3.190332 -2.925268
3.190612 -2.944137
3.190892 -2.945823
3.191171 -2.955471
3.191451 -2.957555
3.191730 -2.964960
3.192010 -2.958413
3.192289 -2.942486
3.192567 -2.921461
3.192846 -2.913936
3.193125 -2.908777
3.193403 -2.919798
3.193681 -2.930207
3.193959 -2.923411
3.194237 -2.942594
3.194514 -2.944851
3.194792 -2.934508
3.195069 -2.918162
3.195346 -2.901460
3.195623 -2.892078
3.195900 -2.881493
3.196176 -2.877494
3.196453 -2.868187
3.196729 -2.858439
3.197005 -2.853258
3.197281 -2.849694
3.197556 -2.840705
3.197832 -2.838667
3.198107 -2.837036
3.198382 -2.854118
3.198657 -2.874935
3.198932 -2.882633
3.199206 -2.895543
3.199481 -2.908104
3.199755 -2.908192
3.200029 -2.896440
3.200303 -2.891747
3.200577 -2.872502
3.200850 -2.860553
3.201124 -2.863556
3.201397 -2.861680
3.201670 -2.873885
3.201943 -2.903417
3.202216 -2.897893
3.202488 -2.907910
3.202761 -2.920306
3.203033 -2.914113
3.203305 -2.908416
3.203577 -2.898036
3.203848 -2.887493
3.204120 -2.879749
3.204391 -2.863874
3.204663 -2.859511
3.204934 -2.856558
3.205204 -2.855296
3.205475 -2.854289
3.205746 -2.849816
3.206016 -2.848408
3.206286 -2.854443
3.206556 -2.855677
3.206826 -2.850923
3.207096 -2.854844
3.207365 -2.866519
3.207634 -2.878179
3.207904 -2.879133
3.208173 -2.881230
3.208441 -2.865540
3.208710 -2.852304
3.208979 -2.857841
3.209247 -2.855210
3.209515 -2.861020
3.209783 -2.869678
3.210051 -2.870428
3.210319 -2.878747
3.210586 -2.894057
3.210853 -2.900205
3.211121 -2.925923
3.211388 -2.929037
3.211654 -2.935572
3.211921 -2.944420
3.212188 -2.947978
3.212454 -2.943002
3.212720 -2.947191
3.212986 -2.938386
3.213252 -2.930502
3.213518 -2.930166
3.213783 -2.940075
3.214049 -2.944594
3.214314 -2.949468
3.214579 -2.938311
3.214844 -2.923544
3.215109 -2.905453
3.215373 -2.905083
3.215638 -2.912013
3.215902 -2.906164
3.216166 -2.902446
3.216430 -2.897959
3.216694 -2.894893
3.216957 -2.892089
3.217221 -2.888464
3.217484 -2.891563
3.217747 -2.905176
3.218010 -2.902137
3.218273 -2.914420
3.218536 -2.927597
3.218798 -2.940299
3.219060 -2.944364
3.219323 -2.946128
3.219585 -2.945843
3.219846 -2.941692
3.220108 -2.942178
3.220370 -2.933544
3.220631 -2.923902
3.220892 -2.923491
3.221153 -2.916712
3.221414 -2.918009
3.221675 -2.901556
3.221936 -2.884555
3.222196 -2.889079
3.222456 -2.890383
3.222716 -2.882152
3.222976 -2.876998
3.223236 -2.863135
3.223496 -2.867294
3.223755 -2.858021
3.224015 -2.858767
3.224274 -2.866705
3.224533 -2.859221
3.224792 -2.867070
3.225051 -2.871165
3.225309 -2.883292
3.225568 -2.881169
3.225826 -2.877090
3.226084 -2.887163
3.226342 -2.889795
3.226600 -2.894953
3.226858 -2.903473
3.227115 -2.892577
3.227372 -2.900773
3.227630 -2.918130
3.227887 -2.909898
3.228144 -2.904512
3.228400 -2.903997
3.228657 -2.898038
3.228913 -2.898226
3.229170 -2.884288
3.229426 -2.894001
3.229682 -2.889742
3.229938 -2.899201
3.230193 -2.904664
3.230449 -2.916239
3.230704 -2.926913
3.230960 -2.913229
3.231215 -2.919896
3.231470 -2.926294
3.231724 -2.929701
3.231979 -2.923021
3.232234 -2.924898
3.232488 -2.921818
3.232742 -2.926907
3.232996 -2.919639
3.233250 -2.923686
3.233504 -2.927237
3.233757 -2.929352
3.234011 -2.944139
3.234264 -2.944568
3.234517 -2.938984
3.234770 -2.951531
3.235023 -2.964079
3.235276 -2.962593
3.235528 -2.958060
3.235781 -2.948555
3.236033 -2.958362
3.236285 -2.953313
3.236537 -2.934091
3.236789 -2.926657
3.237041 -2.915877
3.237292 -2.923768
3.237544 -2.922403
3.237795 -2.921938
3.238046 -2.922973
3.238297 -2.920149
3.238548 -2.913640
3.238799 -2.927663
3.239049 -2.939067
3.239299 -2.942961
3.239550 -2.944509
3.239800 -2.941683
3.240050 -2.941418
3.240300 -2.948796
3.240549 -2.940991
3.240799 -2.946865
3.241048 -2.941695
3.241297 -2.928612
3.241546 -2.913502
3.241795 -2.920389
3.242044 -2.920340
3.242293 -2.919012
3.242541 -2.907739
3.242790 -2.916921
3.243038 -2.916234
3.243286 -2.918584
3.243534 -2.923007
3.243782 -2.926305
3.244030 -2.922876
3.244277 -2.932638
3.244525 -2.942319
3.244772 -2.946605
3.245019 -2.948852
3.245266 -2.943267
3.245513 -2.940749
3.245759 -2.930248
3.246006 -2.929707
3.246252 -2.925960
3.246499 -2.905165
3.246745 -2.903315
3.246991 -2.902672
3.247237 -2.900103
3.247482 -2.906295
3.247728 -2.908384
3.247973 -2.888003
3.248219 -2.884357
3.248464 -2.877290
3.248709 -2.877605
3.248954 -2.871924
3.249198 -2.875119
3.249443 -2.878987
3.249687 -2.875861
3.249932 -2.871793
3.250176 -2.854128
3.250420 -2.845847
3.250664 -2.840047
3.250908 -2.844296
3.251151 -2.863244
3.251395 -2.866350
3.251638 -2.866483
3.251881 -2.859276
3.252125 -2.863445
3.252368 -2.864238
3.252610 -2.872622
3.252853 -2.873825
3.253096 -2.878758
3.253338 -2.876695
3.253580 -2.889377
3.253822 -2.903688
3.254064 -2.922501
3.254306 -2.922052
3.254548 -2.927338
3.254790 -2.935774
3.255031 -2.931912
3.255273 -2.923445
3.255514 -2.917713
3.255755 -2.918162
3.255996 -2.912295
3.256237 -2.920821
3.256477 -2.935649
3.256718 -2.941783
3.256958 -2.933050
3.257198 -2.936837
3.257439 -2.941627
3.257679 -2.944957
3.257918 -2.938613
3.258158 -2.927472
3.258398 -2.930358
3.258637 -2.927106
3.258877 -2.925387
3.259116 -2.926271
3.259355 -2.932467
3.259594 -2.930653
3.259833 -2.926341
3.260071 -2.930315
3.260310 -2.925898
3.260548 -2.927067
3.260787 -2.930658
3.261025 -2.923043
3.261263 -2.927060
3.261501 -2.934265
3.261739 -2.925493
3.261976 -2.925341
3.262214 -2.918289
3.262451 -2.929128
3.262688 -2.932350
3.262925 -2.936949
3.263162 -2.939628
3.263399 -2.928791
3.263636 -2.927320
3.263873 -2.918601
3.264109 -2.920836
3.264346 -2.911865
3.264582 -2.890310
3.264818 -2.892317
3.265054 -2.889717
3.265290 -2.909883
3.265525 -2.928194
3.265761 -2.929947
3.265996 -2.934328
3.266232 -2.932771
3.266467 -2.934896
3.266702 -2.933415
3.266937 -2.934153
3.267172 -2.927350
3.267406 -2.915608
3.267641 -2.899273
3.267875 -2.907999
3.268110 -2.912394
3.268344 -2.910270
3.268578 -2.908780
3.268812 -2.922425
3.269046 -2.929149
3.269279 -2.933063
3.269513 -2.939743
3.269746 -2.949267
3.269980 -2.951480
3.270213 -2.939196
3.270446 -2.936582
3.270679 -2.931011
3.270912 -2.936952
3.271144 -2.928448
3.271377 -2.921091
3.271609 -2.921151
3.271842 -2.914754
3.272074 -2.909610
3.272306 -2.903144
3.272538 -2.906381
3.272770 -2.887508
3.273001 -2.891059
3.273233 -2.891914
3.273464 -2.899710
3.273696 -2.898280
3.273927 -2.892104
3.274158 -2.898747
3.274389 -2.923567
3.274620 -2.949577
3.274850 -2.950274
3.275081 -2.953124
3.275311 -2.946251
3.275542 -2.947346
3.275772 -2.940560
3.276002 -2.937633
3.276232 -2.934986
3.276462 -2.940333
3.276692 -2.933931
3.276921 -2.930981
3.277151 -2.927573
3.277380 -2.938501
3.277609 -2.948367
3.277838 -2.957082
3.278067 -2.970513
3.278296 -2.977931
3.278525 -2.970227
3.278754 -2.980008
3.278982 -2.984925
3.279211 -2.980500
3.279439 -2.972015
3.279667 -2.960866
3.279895 -2.957756
3.280123 -2.963525
3.280351 -2.971046
3.280578 -2.975818
3.280806 -2.975224
3.281033 -2.982548
3.281261 -2.987951
3.281488 -2.995503
3.281715 -3.006967
3.281942 -2.989944
3.282169 -2.976693
3.282396 -2.966495
3.282622 -2.960638
3.282849 -2.954625
3.283075 -2.949167
3.283301 -2.943002
3.283527 -2.937175
3.283753 -2.957824
3.283979 -2.960380
3.284205 -2.977774
3.284431 -2.992201
3.284656 -3.008278
3.284882 -3.019946
3.285107 -3.027462
3.285332 -3.028606
3.285557 -3.030819
3.285782 -3.031700
3.286007 -3.032276
3.286232 -3.021683
3.286456 -3.013594
3.286681 -3.012873
3.286905 -3.007706
3.287130 -3.007556
3.287354 -3.008312
3.287578 -3.007404
3.287802 -3.007156
3.288026 -2.999684
3.288249 -3.005358
3.288473 -3.000985
3.288696 -2.998231
3.288920 -3.009026
3.289143 -2.999969
3.289366 -2.987516
3.289589 -2.976562
3.289812 -2.959055
3.290035 -2.952183
3.290257 -2.950388
3.290480 -2.936836
3.290702 -2.944925
3.290925 -2.939234
3.291147 -2.947095
3.291369 -2.956751
3.291591 -2.958706
3.291813 -2.965410
3.292034 -2.963066
3.292256 -2.953417
3.292478 -2.932840
3.292699 -2.934833
3.292920 -2.927716
3.293141 -2.924128
3.293363 -2.931922
3.293584 -2.939627
3.293804 -2.943118
3.294025 -2.945762
3.294246 -2.940015
3.294466 -2.942938
3.294687 -2.950110
3.294907 -2.952303
3.295127 -2.945105
3.295347 -2.953433
3.295567 -2.963128
3.295787 -2.959149
3.296007 -2.959088
3.296226 -2.976437
3.296446 -2.976167
3.296665 -2.971041
3.296884 -2.972297
3.297104 -2.978547
3.297323 -2.975626
3.297542 -2.972103
3.297761 -2.972800
3.297979 -2.984747
3.298198 -2.991487
3.298416 -2.987801
3.298635 -2.985321
3.298853 -2.980004
3.299071 -2.963225
3.299289 -2.953092
3.299507 -2.947211
3.299725 -2.948766
3.299943 -2.935804
3.300161 -2.923650
3.300378 -2.907039
3.300595 -2.907840
3.300813 -2.909466
3.301030 -2.911022
3.301247 -2.911136
3.301464 -2.906531
3.301681 -2.901526
3.301898 -2.914416
3.302114 -2.907170
3.302331 -2.908291
3.302547 -2.907459
3.302764 -2.914638
3.302980 -2.930742
3.303196 -2.934191
3.303412 -2.949927
3.303628 -2.951907
3.303844 -2.964940
3.304059 -2.972288
3.304275 -2.975714
3.304491 -2.969861
3.304706 -2.962333
3.304921 -2.962437
3.305136 -2.957494
3.305351 -2.952835
3.305566 -2.942762
3.305781 -2.942046
3.305996 -2.959643
3.306211 -2.958667
3.306425 -2.964228
3.306639 -2.968049
3.306854 -2.975740
3.307068 -2.976152
3.307282 -2.985419
3.307496 -2.985189
3.307710 -2.983289
3.307924 -2.975699
3.308137 -2.972939
3.308351 -2.974499
3.308564 -2.978966
3.308778 -2.981215
3.308991 -2.984169
3.309204 -2.987764
3.309417 -2.980995
3.309630 -2.975030
3.309843 -2.960106
3.310056 -2.942897
3.310268 -2.939111
3.310481 -2.938253
3.310693 -2.934203
3.310906 -2.929921
3.311118 -2.943309
3.311330 -2.966030
3.311542 -2.966387
3.311754 -2.974372
3.311966 -2.984764
3.312177 -2.970640
3.312389 -2.977212
3.312600 -2.979595
3.312812 -2.977548
3.313023 -3.000581
3.313234 -2.998395
3.313445 -2.984481
3.313656 -3.003102
3.313867 -3.008487
3.314078 -3.016327
3.314289 -3.027846
3.314499 -3.030047
3.314710 -3.019045
3.314920 -3.017068
3.315130 -3.019429
3.315340 -3.023791
3.315551 -3.018672
3.315760 -3.006271
3.315970 -3.009102
3.316180 -3.012402
3.316390 -3.025905
3.316599 -3.034460
3.316809 -3.038662
3.317018 -3.043665
3.317227 -3.028940
3.317436 -3.023132
3.317646 -3.028010
3.317854 -3.030685
3.318063 -3.027539
3.318272 -3.019171
3.318481 -3.014710
3.318689 -3.009282
3.318898 -2.999966
3.319106 -3.007558
3.319314 -3.013127
3.319522 -3.011037
3.319730 -3.005219
3.319938 -2.996830
3.320146 -2.983857
3.320354 -2.981616
3.320562 -2.952813
3.320769 -2.938040
3.320977 -2.941273
3.321184 -2.935841
3.321391 -2.920750
3.321598 -2.914954
3.321805 -2.908613
3.322012 -2.899620
3.322219 -2.902467
3.322426 -2.903396
3.322633 -2.900188
3.322839 -2.897531
3.323046 -2.899021
3.323252 -2.910172
3.323458 -2.917486
3.323665 -2.922344
3.323871 -2.912912
3.324077 -2.917615
3.324282 -2.919761
3.324488 -2.925034
3.324694 -2.920061
3.324899 -2.917220
3.325105 -2.923370
3.325310 -2.926930
3.325516 -2.927405
3.325721 -2.936075
3.325926 -2.927512
3.326131 -2.932964
3.326336 -2.926732
3.326541 -2.927529
3.326745 -2.928578
3.326950 -2.930891
3.327155 -2.918395
3.327359 -2.921127
3.327563 -2.946263
3.327767 -2.960908
3.327972 -2.965501
3.328176 -2.973202
3.328380 -2.980083
3.328583 -2.992481
3.328787 -3.000087
3.328991 -3.009246
3.329194 -3.015973
3.329398 -3.018064
3.329601 -3.006596
3.329805 -2.995147
3.330008 -3.001485
3.330211 -3.008981
3.330414 -3.015348
3.330617 -3.014621
3.330819 -3.004898
3.331022 -3.004884
3.331225 -2.996815
3.331427 -2.988067
3.331630 -2.993196
3.331832 -2.981496
3.332034 -2.984019
3.332236 -2.991493
3.332438 -2.995296
3.332640 -2.998903
3.332842 -3.002179
3.333044 -2.996834
3.333246 -2.985320
3.333447 -2.971311
3.333649 -2.969730
3.333850 -2.979047
3.334051 -2.995851
3.334253 -2.999385
3.334454 -2.994306
3.334655 -2.994573
3.334856 -2.996996
3.335057 -2.999849
3.335257 -3.006402
3.335458 -3.011699
3.335658 -3.021517
3.335859 -3.033089
3.336059 -3.032807
3.336260 -3.028022
3.336460 -3.032880
3.336660 -3.047007
3.336860 -3.041713
3.337060 -3.048163
3.337260 -3.057976
3.337459 -3.077208
3.337659 -3.087677
3.337858 -3.089656
3.338058 -3.089144
3.338257 -3.080007
3.338456 -3.077376
3.338656 -3.065803
3.338855 -3.063558
3.339054 -3.059109
3.339253 -3.055233
3.339451 -3.062285
3.339650 -3.062467
3.339849 -3.062665
3.340047 -3.063941
3.340246 -3.066212
3.340444 -3.057097
3.340642 -3.052427
3.340841 -3.044317
3.341039 -3.040348
3.341237 -3.026356
3.341435 -3.024437
3.341632 -3.020884
3.341830 -3.015960
3.342028 -3.004149
3.342225 -2.987354
3.342423 -2.974568
3.342620 -2.971481
3.342817 -2.960600
3.343014 -2.952286
3.343212 -2.950939
3.343409 -2.957426
3.343606 -2.958613
3.343802 -2.957363
3.343999 -2.952222
3.344196 -2.951282
3.344392 -2.954411
3.344589 -2.973030
3.344785 -2.979750
3.344981 -2.978060
3.345178 -2.993983
3.345374 -3.002943
3.345570 -2.999633
3.345766 -3.010060
3.345962 -3.012710
3.346157 -3.018567
3.346353 -3.027191
3.346549 -3.031187
3.346744 -3.033543
3.346939 -3.032556
3.347135 -3.030285
3.347330 -3.040395
3.347525 -3.027069
3.347720 -3.027658
3.347915 -3.034450
3.348110 -3.042528
3.348305 -3.043057
3.348500 -3.050714
3.348694 -3.059801
3.348889 -3.073567
3.349083 -3.082030
3.349278 -3.078233
3.349472 -3.067082
3.349666 -3.063840
3.349860 -3.069064
3.350054 -3.068038
3.350248 -3.063615
3.350442 -3.057884
3.350636 -3.053184
3.350829 -3.044771
3.351023 -3.040909
3.351216 -3.037651
3.351410 -3.025714
3.351603 -3.019883
3.351796 -3.022622
3.351989 -3.005335
3.352183 -3.000595
3.352375 -2.999949
3.352568 -2.994405
3.352761 -2.993296
3.352954 -2.991325
3.353147 -2.980647
3.353339 -2.971070
3.353532 -2.957129
3.353724 -2.954999
3.353916 -2.956586
3.354108 -2.954876
3.354301 -2.959779
3.354493 -2.957158
3.354685 -2.959245
3.354876 -2.961348
3.355068 -2.967254
3.355260 -2.977659
3.355452 -2.985835
3.355643 -2.994712
3.355834 -2.991248
3.356026 -2.991365
3.356217 -2.984314
3.356408 -2.984210
3.356599 -2.979353
3.356790 -2.963469
3.356981 -2.961840
3.357172 -2.952946
3.357363 -2.945851
3.357554 -2.956087
3.357744 -2.958428
3.357935 -2.956586
3.358125 -2.946581
3.358316 -2.939694
3.358506 -2.949688
3.358696 -2.962507
3.358886 -2.960308
3.359076 -2.965695
3.359266 -2.960600
3.359456 -2.964624
3.359646 -2.961662
3.359835 -2.968662
3.360025 -2.976410
3.360215 -2.977487
3.360404 -2.974979
3.360593 -2.968024
3.360783 -2.971976
3.360972 -2.975623
3.361161 -2.969765
3.361350 -2.972330
3.361539 -2.972708
3.361728 -2.971401
3.361917 -2.960646
3.362105 -2.956395
3.362294 -2.963561
3.362482 -2.977659
3.362671 -2.985966
3.362859 -2.989741
3.363048 -2.997663
3.363236 -3.008816
3.363424 -3.013510
3.363612 -3.020405
3.363800 -3.023556
3.363988 -3.028982
3.364176 -3.030409
3.364363 -3.014773
3.364551 -3.012249
3.364739 -3.009851
3.364926 -3.002408
3.365113 -3.002958
3.365301 -2.991701
3.365488 -2.992812
3.365675 -2.988555
3.365862 -2.987096
3.366049 -2.983511
3.366236 -2.980913
3.366423 -2.989787
3.366610 -2.998648
3.366796 -3.010861
3.366983 -3.027564
3.367169 -3.029322
3.367356 -3.030493
3.367542 -3.037778
3.367729 -3.029655
3.367915 -3.034758
3.368101 -3.038380
3.368287 -3.028841
3.368473 -3.017953
3.368659 -3.019314
3.368845 -3.025014
3.369030 -3.017221
3.369216 -3.017153
3.369401 -3.017774
3.369587 -3.032469
3.369772 -3.041747
3.369958 -3.050121
3.370143 -3.052107
3.370328 -3.060744
3.370513 -3.070282
3.370698 -3.079035
3.370883 -3.078404
3.371068 -3.079697
3.371253 -3.072846
3.371437 -3.062998
3.371622 -3.073355
3.371806 -3.071015
3.371991 -3.067875
3.372175 -3.078852
3.372360 -3.081285
3.372544 -3.080519
3.372728 -3.078288
3.372912 -3.069045
3.373096 -3.070141
3.373280 -3.077327
3.373464 -3.078065
3.373647 -3.078231
3.373831 -3.068185
3.374015 -3.075737
3.374198 -3.083712
3.374382 -3.082569
3.374565 -3.089227
3.374748 -3.090015
3.374932 -3.085697
3.375115 -3.082657
3.375298 -3.078740
3.375481 -3.088723
3.375664 -3.085311
3.375846 -3.081641
3.376029 -3.060381
3.376212 -3.053580
3.376394 -3.039047
3.376577 -3.016417
3.376759 -2.991862
3.376942 -2.966253
3.377124 -2.949635
3.377306 -2.952003
3.377488 -2.940451
3.377670 -2.934947
3.377852 -2.935827
3.378034 -2.938888
3.378216 -2.942659
3.378398 -2.947777
3.378580 -2.957317
3.378761 -2.959903
3.378943 -2.968468
3.379124 -2.964251
3.379306 -2.958406
3.379487 -2.958025
3.379668 -2.949041
3.379849 -2.938909
3.380030 -2.931832
3.380211 -2.919629
3.380392 -2.903881
3.380573 -2.895229
3.380754 -2.909568
3.380934 -2.922696
3.381115 -2.939063
3.381296 -2.945060
3.381476 -2.951989
3.381656 -2.964700
3.381837 -2.971315
3.382017 -2.977510
3.382197 -2.983207
3.382377 -2.986191
3.382557 -2.993347
3.382737 -2.988766
3.382917 -2.987570
3.383097 -2.992666
3.383277 -3.007004
3.383456 -3.014065
3.383636 -3.020167
3.383815 -3.029818
3.383995 -3.040578
3.384174 -3.042417
3.384353 -3.044241
3.384533 -3.038641
3.384712 -3.035483
3.384891 -3.040085
3.385070 -3.051819
3.385249 -3.054054
3.385428 -3.057951
3.385606 -3.068642
3.385785 -3.072034
3.385964 -3.074325
3.386142 -3.074095
3.386321 -3.079629
3.386499 -3.083455
3.386677 -3.075915
3.386856 -3.067283
3.387034 -3.070342
3.387212 -3.057116
3.387390 -3.056408
3.387568 -3.047378
3.387746 -3.041176
3.387923 -3.044895
3.388101 -3.040802
3.388279 -3.028430
3.388456 -3.021931
3.388634 -3.012464
3.388811 -3.008853
3.388989 -3.004481
3.389166 -2.991098
3.389343 -2.980933
3.389520 -2.975021
3.389698 -2.977212
3.389875 -2.975260
3.390051 -2.988159
3.390228 -3.006555
3.390405 -3.012207
3.390582 -3.004772
3.390759 -3.004522
3.390935 -3.003697
3.391112 -2.993711
3.391288 -2.990082
3.391464 -2.991868
3.391641 -2.990144
3.391817 -2.987608
3.391993 -2.991918
3.392169 -2.995597
3.392345 -2.995927
3.392521 -2.987756
3.392697 -2.984544
3.392873 -2.976600
3.393048 -2.982433
3.393224 -2.985955
3.393400 -2.988273
3.393575 -3.001136
3.393751 -3.008740
3.393926 -3.021076
3.394101 -3.022214
3.394277 -3.026622
3.394452 -3.031688
3.394627 -3.038396
3.394802 -3.042996
3.394977 -3.038315
3.395152 -3.040198
3.395326 -3.043062
3.395501 -3.044991
3.395676 -3.047693
3.395850 -3.054933
3.396025 -3.053225
3.396199 -3.060479
3.396374 -3.060642
3.396548 -3.051169
3.396722 -3.044756
3.396896 -3.044703
3.397071 -3.038724
3.397245 -3.032438
3.397419 -3.042812
3.397592 -3.036536
3.397766 -3.030688
3.397940 -3.030839
3.398114 -3.028108
3.398287 -3.022854
3.398461 -3.022859
3.398634 -3.016982
3.398808 -3.016433
3.398981 -3.015922
3.399154 -3.014653
3.399328 -3.013413
3.399501 -3.009181
3.399674 -3.005893
3.399847 -2.998783
3.400020 -2.999313
3.400192 -3.005015
3.400365 -3.012508
3.400538 -3.000241
3.400711 -3.000377
3.400883 -3.010490
3.401056 -3.007981
3.401228 -2.997477
3.401401 -2.998891
3.401573 -2.991872
3.401745 -2.982817
3.401917 -2.978573
3.402089 -2.974417
3.402261 -2.980631
3.402433 -2.984872
3.402605 -3.010171
3.402777 -3.016772
3.402949 -3.027991
3.403121 -3.030672
3.403292 -3.028098
3.403464 -3.044914
3.403635 -3.053947
3.403807 -3.072173
3.403978 -3.067883
3.404149 -3.071709
3.404320 -3.075030
3.404492 -3.073700
3.404663 -3.078247
3.404834 -3.076210
3.405005 -3.060282
3.405176 -3.055973
3.405346 -3.070773
3.405517 -3.076202
3.405688 -3.078061
3.405858 -3.086647
3.406029 -3.096354
3.406199 -3.114748
3.406370 -3.120288
3.406540 -3.119165
3.406710 -3.122788
3.406881 -3.132483
3.407051 -3.134393
3.407221 -3.141145
3.407391 -3.147645
3.407561 -3.149404
3.407731 -3.147469
3.407901 -3.141812
3.408070 -3.140479
3.408240 -3.145485
3.408410 -3.155713
3.408579 -3.157486
3.408749 -3.155691
3.408918 -3.146283
3.409087 -3.142408
3.409257 -3.139567
3.409426 -3.137365
3.409595 -3.141520
3.409764 -3.142083
3.409933 -3.147635
3.410102 -3.146663
3.410271 -3.143408
3.410440 -3.148031
3.410609 -3.143222
3.410777 -3.145867
3.410946 -3.146224
3.411114 -3.149633
3.411283 -3.148213
3.411451 -3.144027
3.411620 -3.134095
3.411788 -3.127316
3.411956 -3.132116
3.412124 -3.129941
3.412293 -3.124070
3.412461 -3.106398
3.412629 -3.096670
3.412796 -3.080256
3.412964 -3.072454
3.413132 -3.059865
3.413300 -3.054135
3.413467 -3.047346
3.413635 -3.047355
3.413803 -3.040263
3.413970 -3.040452
3.414137 -3.030746
3.414305 -3.008843
3.414472 -2.993692
3.414639 -2.980094
3.414806 -2.966175
3.414973 -2.967314
3.415140 -2.973711
3.415307 -2.967455
3.415474 -2.967575
3.415641 -2.973498
3.415808 -2.981679
3.415974 -2.995910
3.416141 -3.009442
3.416308 -3.024061
3.416474 -3.020825
3.416641 -3.016452
3.416807 -3.016553
3.416973 -3.006623
3.417139 -3.002937
3.417306 -2.998357
3.417472 -2.986050
3.417638 -2.977974
3.417804 -2.973891
3.417970 -2.971487
3.418135 -2.957726
3.418301 -2.960414
3.418467 -2.968097
3.418633 -2.964607
3.418798 -2.975457
3.418964 -2.977258
3.419129 -2.980973
3.419295 -2.989364
3.419460 -2.995549
3.419625 -2.999745
3.419791 -3.001000
3.419956 -3.002882
3.420121 -2.992088
3.420286 -2.999638
3.420451 -3.007515
3.420616 -3.017230
3.420781 -3.016560
3.420945 -3.028476
3.421110 -3.044943
3.421275 -3.046840
3.421439 -3.045546
3.421604 -3.049718
3.421768 -3.043226
3.421933 -3.045048
3.422097 -3.044826
3.422261 -3.052913
3.422426 -3.058545
3.422590 -3.062790
3.422754 -3.070083
3.422918 -3.071103
3.423082 -3.085460
3.423246 -3.080909
3.423410 -3.089326
3.423574 -3.089379
3.423737 -3.098962
3.423901 -3.095517
3.424065 -3.096668
3.424228 -3.099223
3.424392 -3.104742
3.424555 -3.106464
3.424718 -3.098071
3.424882 -3.090883
3.425045 -3.078279
3.425208 -3.073352
3.425371 -3.072697
3.425534 -3.076403
3.425697 -3.071988
3.425860 -3.066321
3.426023 -3.067871
3.426186 -3.067291
3.426349 -3.069523
3.426511 -3.065271
3.426674 -3.065985
3.426836 -3.067193
3.426999 -3.059027
3.427161 -3.047783
3.427324 -3.037963
3.427486 -3.032929
3.427648 -3.028544
3.427811 -3.033431
3.427973 -3.038003
3.428135 -3.036006
3.428297 -3.038110
3.428459 -3.049138
3.428621 -3.061407
3.428783 -3.052495
3.428944 -3.053863
3.429106 -3.062603
3.429268 -3.076769
3.429429 -3.076558
3.429591 -3.073935
3.429752 -3.081213
3.429914 -3.083736
3.430075 -3.093672
3.430236 -3.085847
3.430398 -3.084345
3.430559 -3.077993
3.430720 -3.074811
3.430881 -3.084997
3.431042 -3.087626
3.431203 -3.091661
3.431364 -3.087075
3.431525 -3.091930
3.431685 -3.104581
3.431846 -3.109493
3.432007 -3.107029
3.432167 -3.118224
3.432328 -3.124743
3.432488 -3.126830
3.432649 -3.138186
3.432809 -3.130793
3.432969 -3.127238
3.433130 -3.126893
3.433290 -3.132702
3.433450 -3.141835
3.433610 -3.147329
3.433770 -3.149212
3.433930 -3.145741
3.434090 -3.151235
3.434249 -3.152226
3.434409 -3.151755
3.434569 -3.139115
3.434729 -3.126367
3.434888 -3.116366
3.435048 -3.107329
3.435207 -3.113246
3.435367 -3.107718
3.435526 -3.099971
3.435685 -3.092388
3.435844 -3.087454
3.436004 -3.085719
3.436163 -3.091100
3.436322 -3.088588
3.436481 -3.084082
3.436640 -3.076064
3.436799 -3.082663
3.436957 -3.087512
3.437116 -3.083507
3.437275 -3.082959
3.437433 -3.080222
3.437592 -3.077141
3.437751 -3.075105
3.437909 -3.069021
3.438067 -3.066771
3.438226 -3.064789
3.438384 -3.055948
3.438542 -3.053122
3.438701 -3.047138
3.438859 -3.047110
3.439017 -3.047430
3.439175 -3.042357
3.439333 -3.038421
3.439491 -3.035603
3.439648 -3.028940
3.439806 -3.017660
3.439964 -3.015729
3.440122 -3.017887
3.440279 -3.014443
3.440437 -3.010852
3.440594 -2.999712
3.440752 -2.992070
3.440909 -2.980789
3.441066 -2.968113
3.441224 -2.965029
3.441381 -2.981474
3.441538 -2.992929
3.441695 -2.998782
3.441852 -2.987090
3.442009 -2.987366
3.442166 -2.989190
3.442323 -2.997247
3.442480 -3.002981
3.442637 -3.006675
3.442793 -3.011131
3.442950 -3.015243
3.443106 -3.025695
3.443263 -3.028326
3.443419 -3.025376
3.443576 -3.022052
3.443732 -3.005156
3.443889 -3.004986
3.444045 -3.002209
3.444201 -3.006876
3.444357 -3.011344
3.444513 -3.005934
3.444669 -3.008611
3.444825 -3.020989
3.444981 -3.029708
3.445137 -3.031599
3.445293 -3.033294
3.445449 -3.035241
3.445604 -3.045971
3.445760 -3.060501
3.445915 -3.062030
3.446071 -3.071117
3.446226 -3.076288
3.446382 -3.081972
3.446537 -3.082069
3.446692 -3.091403
3.446848 -3.093377
3.447003 -3.093679
3.447158 -3.094078
3.447313 -3.090942
3.447468 -3.087905
3.447623 -3.084842
3.447778 -3.074511
3.447933 -3.076479
3.448088 -3.081641
3.448242 -3.083021
3.448397 -3.079045
3.448552 -3.084215
3.448706 -3.092562
3.448861 -3.088757
3.449015 -3.095846
3.449170 -3.096631
3.449324 -3.098853
3.449478 -3.103685
3.449633 -3.108744
3.449787 -3.112273
3.449941 -3.117695
3.450095 -3.122830
3.450249 -3.132078
3.450403 -3.137237
3.450557 -3.135852
3.450711 -3.135554
3.450865 -3.137529
3.451018 -3.133383
3.451172 -3.124828
3.451326 -3.125765
3.451479 -3.122604
3.451633 -3.121637
3.451786 -3.123914
3.451940 -3.123575
3.452093 -3.124130
3.452247 -3.126781
3.452400 -3.126554
3.452553 -3.129704
3.452706 -3.127183
3.452859 -3.126813
3.453012 -3.115693
3.453165 -3.113736
3.453318 -3.114677
3.453471 -3.121678
3.453624 -3.121959
3.453777 -3.118910
3.453930 -3.113222
3.454082 -3.107442
3.454235 -3.091094
3.454387 -3.083119
3.454540 -3.079234
3.454692 -3.068278
3.454845 -3.065826
3.454997 -3.072108
3.455150 -3.080336
3.455302 -3.085902
3.455454 -3.088379
3.455606 -3.078681
3.455758 -3.075373
3.455910 -3.060521
3.456062 -3.049501
3.456214 -3.043585
3.456366 -3.040698
3.456518 -3.047595
3.456670 -3.039420
3.456821 -3.033672
3.456973 -3.030211
3.457125 -3.030167
3.457276 -3.027976
3.457428 -3.026877
3.457579 -3.022632
3.457731 -3.014799
3.457882 -3.010095
3.458033 -3.001566
3.458184 -2.997351
3.458336 -2.990137
3.458487 -2.985168
3.458638 -2.984696
3.458789 -2.984275
3.458940 -2.989857
3.459091 -2.991226
3.459242 -2.988230
3.459392 -2.987966
3.459543 -2.993013
3.459694 -2.989382
3.459845 -2.995317
3.459995 -3.001986
3.460146 -3.001855
3.460296 -3.006565
3.460447 -3.010806
3.460597 -3.014687
3.460748 -3.019970
3.460898 -3.021748
3.461048 -3.016335
3.461198 -3.016380
3.461348 -3.012469
3.461499 -3.005818
3.461649 -3.009264
3.461799 -3.001736
3.461948 -2.998372
3.462098 -2.996987
3.462248 -2.994509
3.462398 -3.000557
3.462548 -3.001194
3.462697 -2.999068
3.462847 -3.003035
3.462997 -2.998026
3.463146 -2.999382
3.463296 -2.995916
3.463445 -2.995542
3.463594 -2.992656
3.463744 -3.004456
3.463893 -3.013872
3.464042 -3.016220
3.464191 -3.014126
3.464340 -3.011746
3.464490 -3.021830
3.464639 -3.028703
3.464788 -3.030962
3.464936 -3.038572
3.465085 -3.045249
3.465234 -3.047220
3.465383 -3.058105
3.465532 -3.060427
3.465680 -3.061097
3.465829 -3.053908
3.465977 -3.054386
3.466126 -3.056687
3.466274 -3.066213
3.466423 -3.071845
3.466571 -3.080901
3.466719 -3.082672
3.466868 -3.088801
3.467016 -3.083421
3.467164 -3.089472
3.467312 -3.091635
3.467460 -3.085436
3.467608 -3.075388
3.467756 -3.075951
3.467904 -3.074916
3.468052 -3.078205
3.468200 -3.079374
3.468347 -3.085404
3.468495 -3.072368
3.468643 -3.066351
3.468790 -3.069790
3.468938 -3.075141
3.469085 -3.076642
3.469233 -3.080307
3.469380 -3.088945
3.469527 -3.088784
3.469675 -3.090034
3.469822 -3.085824
3.469969 -3.082964
3.470116 -3.075673
3.470263 -3.070092
3.470410 -3.069826
3.470557 -3.070792
3.470704 -3.075473
3.470851 -3.064367
3.470998 -3.065841
3.471145 -3.064717
3.471292 -3.062406
3.471438 -3.063853
3.471585 -3.060723
3.471732 -3.061499
3.471878 -3.063923
3.472025 -3.067537
3.472171 -3.085776
3.472318 -3.102972
3.472464 -3.104466
3.472610 -3.113140
3.472756 -3.118363
3.472903 -3.111092
3.473049 -3.113223
3.473195 -3.112861
3.473341 -3.113876
3.473487 -3.110042
3.473633 -3.120654
3.473779 -3.128853
3.473925 -3.126659
3.474071 -3.129399
3.474216 -3.128104
3.474362 -3.134470
3.474508 -3.139543
3.474653 -3.139141
3.474799 -3.150135
3.474944 -3.155920
3.475090 -3.172241
3.475235 -3.177189
3.475381 -3.170041
3.475526 -3.167791
3.475671 -3.160674
3.475816 -3.163341
3.475962 -3.158337
3.476107 -3.164275
3.476252 -3.164684
3.476397 -3.159489
3.476542 -3.152982
3.476687 -3.154093
3.476832 -3.152106
3.476976 -3.149892
3.477121 -3.153663
3.477266 -3.148167
3.477411 -3.144616
3.477555 -3.156784
3.477700 -3.158120
3.477844 -3.164920
3.477989 -3.161564
3.478133 -3.166398
3.478278 -3.165407
3.478422 -3.165281
3.478566 -3.162581
3.478711 -3.162021
3.478855 -3.163249
3.478999 -3.163996
3.479143 -3.163987
3.479287 -3.171634
3.479431 -3.171506
3.479575 -3.172662
3.479719 -3.165990
3.479863 -3.165920
3.480007 -3.163975
3.480151 -3.161989
3.480294 -3.157488
3.480438 -3.153812
3.480582 -3.158806
3.480725 -3.155736
3.480869 -3.151753
3.481012 -3.149603
3.481156 -3.134412
3.481299 -3.128271
3.481443 -3.113734
3.481586 -3.107479
3.481729 -3.104910
3.481872 -3.102998
3.482016 -3.102781
3.482159 -3.096409
3.482302 -3.094053
3.482445 -3.090634
3.482588 -3.088430
3.482731 -3.081358
3.482874 -3.072347
3.483016 -3.060258
3.483159 -3.054833
3.483302 -3.048452
3.483445 -3.042957
3.483587 -3.041026
3.483730 -3.035550
3.483872 -3.024051
3.484015 -3.029159
3.484157 -3.030779
3.484300 -3.031857
3.484442 -3.029294
3.484585 -3.028187
3.484727 -3.029308
3.484869 -3.021833
3.485011 -3.017604
3.485153 -3.017521
3.485295 -3.019715
3.485437 -3.020053
3.485579 -3.016609
3.485721 -3.010390
3.485863 -3.005667
3.486005 -3.000002
3.486147 -2.992447
3.486289 -2.985798
3.486430 -2.986671
3.486572 -2.984514
3.486714 -2.977651
3.486855 -2.977239
3.486997 -2.982816
3.487138 -2.988590
3.487280 -2.994216
3.487421 -3.002717
3.487563 -3.010070
3.487704 -3.013501
3.487845 -3.023514
3.487986 -3.029876
3.488127 -3.042243
3.488269 -3.038717
3.488410 -3.047355
3.488551 -3.064040
3.488692 -3.065167
3.488833 -3.064871
3.488974 -3.064698
3.489114 -3.060144
3.489255 -3.047385
3.489396 -3.037728
3.489537 -3.028487
3.489677 -3.036630
3.489818 -3.049496
3.489958 -3.058684
3.490099 -3.061894
3.490239 -3.059252
3.490380 -3.064028
3.490520 -3.065609
3.490661 -3.071926
3.490801 -3.064993
3.490941 -3.063345
3.491081 -3.065723
3.491222 -3.068898
3.491362 -3.084415
3.491502 -3.087873
3.491642 -3.086364
3.491782 -3.080849
3.491922 -3.083530
3.492062 -3.084466
3.492201 -3.092500
3.492341 -3.093373
3.492481 -3.102391
3.492621 -3.104816
3.492760 -3.109874
3.492900 -3.109717
3.493040 -3.108958
3.493179 -3.115506
3.493319 -3.110472
3.493458 -3.104330
3.493597 -3.097804
3.493737 -3.100595
3.493876 -3.095655
3.494015 -3.092695
3.494155 -3.094408
3.494294 -3.095507
3.494433 -3.101010
3.494572 -3.104843
3.494711 -3.104368
3.494850 -3.089546
3.494989 -3.094083
3.495128 -3.093064
3.495267 -3.105141
3.495406 -3.107008
3.495544 -3.114884
3.495683 -3.116571
3.495822 -3.108070
3.495960 -3.105481
3.496099 -3.098663
3.496238 -3.095051
3.496376 -3.091089
3.496515 -3.087644
3.496653 -3.084102
3.496791 -3.080905
3.496930 -3.078478
3.497068 -3.082417
3.497206 -3.084745
3.497344 -3.081936
3.497483 -3.076093
3.497621 -3.072331
3.497759 -3.066429
3.497897 -3.067781
3.498035 -3.064140
3.498173 -3.059358
3.498311 -3.056530
3.498448 -3.057951
3.498586 -3.061082
3.498724 -3.065330
3.498862 -3.070889
3.498999 -3.070015
3.499137 -3.084975
3.499275 -3.091771
3.499412 -3.100277
3.499550 -3.118315
3.499687 -3.120740
3.499824 -3.123873
3.499962 -3.123547
3.500099 -3.132356
3.500236 -3.137637
3.500374 -3.147823
3.500511 -3.150689
3.500648 -3.158246
3.500785 -3.152194
3.500922 -3.143338
3.501059 -3.140547
3.501196 -3.136076
3.501333 -3.135714
3.501470 -3.127586
3.501607 -3.125716
3.501744 -3.123982
3.501880 -3.108683
3.502017 -3.095871
3.502154 -3.096203
3.502291 -3.104686
3.502427 -3.093070
3.502564 -3.097449
3.502700 -3.107303
3.502837 -3.115169
3.502973 -3.121268
3.503109 -3.119400
3.503246 -3.122650
3.503382 -3.124853
3.503518 -3.123693
3.503655 -3.129442
3.503791 -3.135806
3.503927 -3.133981
3.504063 -3.127609
3.504199 -3.122021
3.504335 -3.121162
3.504471 -3.113900
3.504607 -3.106487
3.504743 -3.110657
3.504878 -3.112376
3.505014 -3.110298
3.505150 -3.103603
3.505286 -3.091860
3.505421 -3.088603
3.505557 -3.088628
3.505693 -3.081060
3.505828 -3.075715
3.505964 -3.082384
3.506099 -3.087979
3.506234 -3.087107
3.506370 -3.093632
3.506505 -3.101453
3.506640 -3.106962
3.506776 -3.102872
3.506911 -3.104806
3.507046 -3.110284
3.507181 -3.103768
3.507316 -3.106164
3.507451 -3.105787
3.507586 -3.098415
3.507721 -3.098264
3.507856 -3.096137
3.507991 -3.097846
3.508126 -3.098311
3.508260 -3.102706
3.508395 -3.101265
3.508530 -3.099989
3.508664 -3.080024
3.508799 -3.079539
3.508934 -3.082951
3.509068 -3.081867
3.509203 -3.085420
3.509337 -3.072834
3.509471 -3.069993
3.509606 -3.062916
3.509740 -3.057050
3.509874 -3.054793
3.510009 -3.058510
3.510143 -3.055369
3.510277 -3.053889
3.510411 -3.054124
3.510545 -3.056900
3.510679 -3.056950
3.510813 -3.063414
3.510947 -3.058455
3.511081 -3.056465
3.511215 -3.050934
3.511349 -3.055217
3.511482 -3.054134
3.511616 -3.054039
3.511750 -3.053387
3.511883 -3.051714
3.512017 -3.066614
3.512151 -3.079736
3.512284 -3.091488
3.512418 -3.086533
3.512551 -3.092533
3.512684 -3.102792
3.512818 -3.110470
3.512951 -3.119786
3.513084 -3.122101
3.513218 -3.116169
3.513351 -3.117335
3.513484 -3.124246
3.513617 -3.134657
3.513750 -3.134781
3.513883 -3.135339
3.514016 -3.133076
3.514149 -3.126116
3.514282 -3.123469
3.514415 -3.115159
3.514548 -3.115805
3.514681 -3.112785
3.514813 -3.106218
3.514946 -3.103763
3.515079 -3.099822
3.515211 -3.103131
3.515344 -3.107066
3.515476 -3.111937
3.515609 -3.113820
3.515741 -3.114845
3.515874 -3.117943
3.516006 -3.111911
3.516139 -3.112188
3.516271 -3.118473
3.516403 -3.122548
3.516535 -3.121706
3.516668 -3.122118
3.516800 -3.113982
3.516932 -3.108333
3.517064 -3.100851
3.517196 -3.095892
3.517328 -3.090658
3.517460 -3.076603
3.517592 -3.064715
3.517724 -3.058724
3.517855 -3.048902
3.517987 -3.049623
3.518119 -3.055349
3.518251 -3.049326
3.518382 -3.044129
3.518514 -3.040756
3.518646 -3.047494
3.518777 -3.050293
3.518909 -3.048970
3.519040 -3.049261
3.519171 -3.044880
3.519303 -3.057072
3.519434 -3.067848
3.519566 -3.069375
3.519697 -3.075168
3.519828 -3.082711
3.519959 -3.079237
3.520090 -3.088983
3.520221 -3.093969
3.520353 -3.101391
3.520484 -3.105938
3.520615 -3.112440
3.520745 -3.118761
3.520876 -3.118472
3.521007 -3.115600
3.521138 -3.122656
3.521269 -3.125767
3.521400 -3.116321
3.521530 -3.114985
3.521661 -3.110767
3.521792 -3.104514
3.521922 -3.109362
3.522053 -3.108489
3.522183 -3.104790
3.522314 -3.121356
3.522444 -3.125779
3.522575 -3.122175
3.522705 -3.129285
3.522835 -3.122152
3.522966 -3.126603
3.523096 -3.135910
3.523226 -3.140802
3.523356 -3.152796
3.523486 -3.155602
3.523616 -3.151529
3.523746 -3.146478
3.523876 -3.146193
3.524006 -3.153582
3.524136 -3.160426
3.524266 -3.159743
3.524396 -3.168117
3.524526 -3.167258
3.524656 -3.167138
3.524785 -3.165561
3.524915 -3.159963
3.525045 -3.161954
3.525174 -3.163563
3.525304 -3.176543
3.525434 -3.178617
3.525563 -3.176487
3.525693 -3.172642
3.525822 -3.178266
3.525951 -3.178319
3.526081 -3.184175
3.526210 -3.193813
3.526339 -3.201016
3.526469 -3.208182
3.526598 -3.210869
3.526727 -3.207160
3.526856 -3.208059
3.526985 -3.207015
3.527114 -3.209097
3.527243 -3.213898
3.527372 -3.208979
3.527501 -3.209083
3.527630 -3.207897
3.527759 -3.204344
3.527888 -3.206218
3.528016 -3.196789
3.528145 -3.190647
3.528274 -3.186296
3.528402 -3.186847
3.528531 -3.187602
3.528660 -3.191478
3.528788 -3.189577
3.528917 -3.188709
3.529045 -3.193997
3.529174 -3.189013
3.529302 -3.186288
3.529430 -3.179669
3.529559 -3.175821
3.529687 -3.181533
3.529815 -3.185428
3.529943 -3.183719
3.530072 -3.183810
3.530200 -3.183791
3.530328 -3.186610
3.530456 -3.185361
3.530584 -3.175445
3.530712 -3.178330
3.530840 -3.177789
3.530968 -3.179856
3.531096 -3.177278
3.531223 -3.182093
3.531351 -3.186891
3.531479 -3.189445
3.531607 -3.183624
3.531734 -3.191140
3.531862 -3.181636
3.531990 -3.170573
3.532117 -3.167227
3.532245 -3.170369
3.532372 -3.175436
3.532500 -3.180080
3.532627 -3.180432
3.532754 -3.179487
3.532882 -3.171861
3.533009 -3.164138
3.533136 -3.157432
3.533264 -3.156171
3.533391 -3.145130
3.533518 -3.139694
3.533645 -3.135746
3.533772 -3.134185
3.533899 -3.129584
3.534026 -3.124746
3.534153 -3.123948
3.534280 -3.115766
3.534407 -3.115120
3.534534 -3.108860
3.534661 -3.098872
3.534787 -3.099727
3.534914 -3.097885
3.535041 -3.096266
3.535167 -3.098534
3.535294 -3.093981
3.535421 -3.087774
3.535547 -3.083343
3.535674 -3.081102
3.535800 -3.081152
3.535927 -3.081138
3.536053 -3.083886
3.536180 -3.085186
3.536306 -3.085458
3.536432 -3.079366
3.536558 -3.076516
3.536685 -3.069559
3.536811 -3.067097
3.536937 -3.066078
3.537063 -3.065841
3.537189 -3.063115
3.537315 -3.056039
3.537441 -3.048715
3.537567 -3.030881
3.537693 -3.030013
3.537819 -3.024876
3.537945 -3.018163
3.538071 -3.016795
3.538197 -3.015056
3.538322 -3.018447
3.538448 -3.019380
3.538574 -3.020987
3.538699 -3.030466
3.538825 -3.032551
3.538951 -3.030170
3.539076 -3.032316
3.539202 -3.043655
3.539327 -3.038943
3.539452 -3.044225
3.539578 -3.043565
3.539703 -3.049045
3.539829 -3.052995
3.539954 -3.059702
3.540079 -3.061078
3.540204 -3.063680
3.540329 -3.061798
3.540455 -3.060489
3.540580 -3.063782
3.540705 -3.063122
3.540830 -3.065409
3.540955 -3.068012
3.541080 -3.069283
3.541205 -3.075052
3.541330 -3.074272
3.541454 -3.078083
3.541579 -3.069367
3.541704 -3.075329
3.541829 -3.086542
3.541953 -3.087128
3.542078 -3.079305
3.542203 -3.084610
3.542327 -3.078048
3.542452 -3.074491
3.542576 -3.077518
3.542701 -3.077179
3.542825 -3.081306
3.542950 -3.085561
3.543074 -3.090384
3.543199 -3.091266
3.543323 -3.088122
3.543447 -3.080045
3.543571 -3.087320
3.543696 -3.088522
3.543820 -3.085352
3.543944 -3.083475
3.544068 -3.085484
3.544192 -3.084717
3.544316 -3.092017
3.544440 -3.092528
3.544564 -3.098592
3.544688 -3.104806
3.544812 -3.100925
3.544936 -3.105270
3.545060 -3.103022
3.545183 -3.103482
3.545307 -3.103064
3.545431 -3.103732
3.545555 -3.103100
3.545678 -3.110096
3.545802 -3.110905
3.545925 -3.107830
3.546049 -3.109244
3.546172 -3.107423
3.546296 -3.106919
3.546419 -3.112353
3.546543 -3.113911
3.546666 -3.117118
3.546789 -3.125717
3.546913 -3.130261
3.547036 -3.132012
3.547159 -3.129333
3.547282 -3.124687
3.547405 -3.119813
3.547529 -3.117288
3.547652 -3.113453
3.547775 -3.113599
3.547898 -3.112763
3.548021 -3.112274
3.548144 -3.105788
3.548267 -3.113120
3.548389 -3.117937
3.548512 -3.121399
3.548635 -3.117358
3.548758 -3.127111
3.548881 -3.120332
3.549003 -3.121718
3.549126 -3.122150
3.549249 -3.125350
3.549371 -3.127008
3.549494 -3.129341
3.549616 -3.134155
3.549739 -3.134965
3.549861 -3.135771
3.549984 -3.140884
3.550106 -3.138591
3.550228 -3.146225
3.550351 -3.152354
3.550473 -3.155781
3.550595 -3.163454
3.550717 -3.165645
3.550840 -3.164764
3.550962 -3.161109
3.551084 -3.150104
3.551206 -3.141899
3.551328 -3.139376
3.551450 -3.141493
3.551572 -3.144673
3.551694 -3.150137
3.551816 -3.157464
3.551938 -3.156304
3.552060 -3.153447
3.552181 -3.160376
3.552303 -3.165085
3.552425 -3.161764
3.552547 -3.159455
3.552668 -3.157622
3.552790 -3.152455
3.552911 -3.155057
3.553033 -3.153029
3.553155 -3.152633
3.553276 -3.151207
3.553398 -3.159071
3.553519 -3.166197
3.553640 -3.159766
3.553762 -3.162151
3.553883 -3.170410
3.554004 -3.180860
3.554126 -3.181711
3.554247 -3.191931
3.554368 -3.196444
3.554489 -3.205720
3.554610 -3.209007
3.554731 -3.215670
3.554852 -3.213211
3.554973 -3.219641
3.555094 -3.224127
3.555215 -3.221749
3.555336 -3.223470
3.555457 -3.222511
3.555578 -3.214213
3.555699 -3.204061
3.555820 -3.212074
3.555940 -3.213280
3.556061 -3.213777
3.556182 -3.209563
3.556303 -3.209222
3.556423 -3.205899
3.556544 -3.214839
3.556664 -3.217553
3.556785 -3.221161
3.556905 -3.219192
3.557026 -3.230785
3.557146 -3.236298
3.557267 -3.242719
3.557387 -3.246728
3.557507 -3.253631
3.557627 -3.262184
3.557748 -3.261922
3.557868 -3.252342
3.557988 -3.251943
3.558108 -3.246665
3.558228 -3.241982
3.558349 -3.241078
3.558469 -3.238286
3.558589 -3.239619
3.558709 -3.240647
3.558829 -3.235290
3.558948 -3.237683
3.559068 -3.233866
3.559188 -3.227381
3.559308 -3.228055
3.559428 -3.222866
3.559548 -3.225826
3.559667 -3.240276
3.559787 -3.243513
3.559907 -3.240049
3.560026 -3.242856
3.560146 -3.239867
3.560265 -3.230843
3.560385 -3.227719
3.560504 -3.221073
3.560624 -3.224847
3.560743 -3.217690
3.560863 -3.218478
3.560982 -3.213795
3.561101 -3.213976
3.561221 -3.212086
3.561340 -3.209187
3.561459 -3.203078
3.561578 -3.195705
3.561698 -3.194626
3.561817 -3.195429
3.561936 -3.192847
3.562055 -3.188605
3.562174 -3.190636
3.562293 -3.197523
3.562412 -3.205451
3.562531 -3.207977
3.562650 -3.207231
3.562769 -3.202102
3.562887 -3.200810
3.563006 -3.204645
3.563125 -3.204606
3.563244 -3.197494
3.563362 -3.192455
3.563481 -3.188260
3.563600 -3.184648
3.563718 -3.185336
3.563837 -3.185688
3.563955 -3.181624
3.564074 -3.182229
3.564192 -3.176462
3.564311 -3.171250
3.564429 -3.173477
3.564548 -3.164155
3.564666 -3.160343
3.564784 -3.155521
3.564903 -3.153306
3.565021 -3.146693
3.565139 -3.142383
3.565257 -3.138967
3.565376 -3.135613
3.565494 -3.130396
3.565612 -3.117594
3.565730 -3.113927
3.565848 -3.108720
3.565966 -3.103171
3.566084 -3.100897
3.566202 -3.102101
3.566320 -3.114203
3.566437 -3.121001
3.566555 -3.122522
3.566673 -3.125489
3.566791 -3.123466
3.566909 -3.124123
3.567026 -3.128171
3.567144 -3.122566
3.567262 -3.123254
3.567379 -3.130122
3.567497 -3.131936
3.567614 -3.131644
3.567732 -3.132556
3.567849 -3.135157
3.567967 -3.139204
3.568084 -3.132407
3.568202 -3.123252
3.568319 -3.118501
3.568436 -3.113847
3.568554 -3.090306
3.568671 -3.085747
3.568788 -3.088372
3.568905 -3.092497
3.569023 -3.089588
3.569140 -3.093092
3.569257 -3.091734
3.569374 -3.085540
3.569491 -3.095193
3.569608 -3.092886
3.569725 -3.104782
3.569842 -3.115594
3.569959 -3.120806
3.570076 -3.124780
3.570193 -3.124858
3.570309 -3.124719
3.570426 -3.120252
3.570543 -3.120532
3.570660 -3.125088
3.570776 -3.119981
3.570893 -3.115868
3.571010 -3.121322
3.571126 -3.112138
3.571243 -3.109044
3.571359 -3.109463
3.571476 -3.106436
3.571592 -3.114569
3.571709 -3.114392
3.571825 -3.118136
3.571942 -3.121863
3.572058 -3.119345
3.572174 -3.115132
3.572291 -3.118969
3.572407 -3.115865
3.572523 -3.111745
3.572639 -3.111165
3.572755 -3.105323
3.572872 -3.101661
3.572988 -3.106372
3.573104 -3.100510
3.573220 -3.098676
3.573336 -3.093082
3.573452 -3.095531
3.573568 -3.104777
3.573684 -3.105898
3.573800 -3.100664
3.573915 -3.095586
3.574031 -3.102579
3.574147 -3.100714
3.574263 -3.106109
3.574379 -3.108004
3.574494 -3.119573
3.574610 -3.120830
3.574726 -3.121945
3.574841 -3.123195
3.574957 -3.126047
3.575072 -3.130573
3.575188 -3.135562
3.575303 -3.140004
3.575419 -3.141396
3.575534 -3.143842
3.575650 -3.146166
3.575765 -3.143768
3.575880 -3.140900
3.575996 -3.134249
3.576111 -3.133870
3.576226 -3.128101
3.576341 -3.130009
3.576457 -3.131726
3.576572 -3.131580
3.576687 -3.130592
3.576802 -3.128022
3.576917 -3.128374
3.577032 -3.131000
3.577147 -3.131952
3.577262 -3.136886
3.577377 -3.152094
3.577492 -3.157123
3.577607 -3.163928
3.577722 -3.167658
3.577836 -3.175203
3.577951 -3.182670
3.578066 -3.185346
3.578181 -3.188860
3.578295 -3.195553
3.578410 -3.197444
3.578525 -3.205843
3.578639 -3.218265
3.578754 -3.231954
3.578868 -3.230657
3.578983 -3.235782
3.579097 -3.237718
3.579212 -3.241680
3.579326 -3.240009
3.579441 -3.239507
3.579555 -3.243536
3.579669 -3.251355
3.579784 -3.264670
3.579898 -3.268623
3.580012 -3.271799
3.580126 -3.272976
3.580241 -3.278507
3.580355 -3.283301
3.580469 -3.284535
3.580583 -3.283727
3.580697 -3.285403
3.580811 -3.291841
3.580925 -3.291849
3.581039 -3.291204
3.581153 -3.289409
3.581267 -3.292494
3.581381 -3.295403
3.581495 -3.296617
3.581608 -3.296167
3.581722 -3.294709
3.581836 -3.294911
3.581950 -3.298522
3.582063 -3.297690
3.582177 -3.299465
3.582291 -3.303598
3.582404 -3.302583
3.582518 -3.304402
3.582631 -3.298118
3.582745 -3.291590
3.582858 -3.284941
3.582972 -3.277914
3.583085 -3.275702
3.583199 -3.273743
3.583312 -3.269919
3.583426 -3.273734
3.583539 -3.271559
3.583652 -3.266912
3.583765 -3.260108
3.583879 -3.256729
3.583992 -3.252619
3.584105 -3.240311
3.584218 -3.229911
3.584331 -3.224906
3.584444 -3.220009
3.584557 -3.217706
3.584670 -3.232324
3.584783 -3.243252
3.584896 -3.242672
3.585009 -3.239396
3.585122 -3.250073
3.585235 -3.255714
3.585348 -3.259385
3.585461 -3.261761
3.585574 -3.258996
3.585686 -3.264929
3.585799 -3.267858
3.585912 -3.277057
3.586024 -3.286871
3.586137 -3.286281
3.586250 -3.282508
3.586362 -3.281833
3.586475 -3.282181
3.586587 -3.288571
3.586700 -3.286427
3.586812 -3.288185
3.586925 -3.283417
3.587037 -3.280634
3.587149 -3.271247
3.587262 -3.266405
3.587374 -3.254777
3.587486 -3.244810
3.587599 -3.237041
3.587711 -3.232522
3.587823 -3.224370
3.587935 -3.225768
3.588047 -3.227189
3.588160 -3.233850
3.588272 -3.238963
3.588384 -3.239208
3.588496 -3.243395
3.588608 -3.237214
3.588720 -3.234403
3.588832 -3.238257
3.588944 -3.240465
3.589056 -3.236662
3.589167 -3.242574
3.589279 -3.238595
3.589391 -3.244953
3.589503 -3.241479
3.589615 -3.236397
3.589726 -3.242897
3.589838 -3.244889
3.589950 -3.243658
3.590061 -3.238636
3.590173 -3.239805
3.590284 -3.238078
3.590396 -3.233457
3.590507 -3.229481
3.590619 -3.223018
3.590730 -3.212121
3.590842 -3.207747
3.590953 -3.202715
3.591065 -3.192461
3.591176 -3.191962
3.591287 -3.185752
3.591399 -3.183162
3.591510 -3.181524
3.591621 -3.181107
3.591732 -3.179990
3.591843 -3.184366
3.591955 -3.194453
3.592066 -3.193918
3.592177 -3.197258
3.592288 -3.199928
3.592399 -3.197516
3.592510 -3.201173
3.592621 -3.195927
3.592732 -3.205522
3.592843 -3.205376
3.592954 -3.195847
3.593064 -3.197222
3.593175 -3.190877
3.593286 -3.188150
3.593397 -3.187432
3.593508 -3.178743
3.593618 -3.170810
3.593729 -3.172047
3.593840 -3.176050
3.593950 -3.167395
3.594061 -3.165437
3.594171 -3.161925
3.594282 -3.159657
3.594393 -3.149431
3.594503 -3.142573
3.594614 -3.140339
3.594724 -3.131025
3.594834 -3.128270
3.594945 -3.127164
3.595055 -3.122424
3.595165 -3.122206
3.595276 -3.118014
3.595386 -3.119424
3.595496 -3.122452
3.595606 -3.120421
3.595717 -3.116499
3.595827 -3.118013
3.595937 -3.116779
3.596047 -3.114175
3.596157 -3.111760
3.596267 -3.123009
3.596377 -3.128565
3.596487 -3.142283
3.596597 -3.151699
3.596707 -3.146473
3.596817 -3.144408
3.596927 -3.142335
3.597037 -3.149214
3.597146 -3.160246
3.597256 -3.163780
3.597366 -3.167895
3.597476 -3.170349
3.597586 -3.166638
3.597695 -3.172074
3.597805 -3.171742
3.597914 -3.172766
3.598024 -3.173936
3.598134 -3.171567
3.598243 -3.176540
3.598353 -3.174059
3.598462 -3.177055
3.598572 -3.172500
3.598681 -3.171725
3.598791 -3.167181
3.598900 -3.171112
3.599009 -3.170468
3.599119 -3.172982
3.599228 -3.176309
3.599337 -3.168142
3.599446 -3.168772
3.599556 -3.163658
3.599665 -3.168083
3.599774 -3.169529
3.599883 -3.172716
3.599992 -3.173444
3.600101 -3.173707
3.600210 -3.174010
3.600319 -3.167892
3.600428 -3.164321
3.600537 -3.163711
3.600646 -3.172427
3.600755 -3.172255
3.600864 -3.167447
3.600973 -3.175222
3.601082 -3.173548
3.601191 -3.168994
3.601299 -3.164557
3.601408 -3.159009
3.601517 -3.163380
3.601625 -3.162951
3.601734 -3.158738
3.601843 -3.153695
3.601951 -3.149708
3.602060 -3.132821
3.602169 -3.129010
3.602277 -3.128672
3.602386 -3.121201
3.602494 -3.124155
3.602603 -3.121438
3.602711 -3.119197
3.602819 -3.119671
3.602928 -3.125364
3.603036 -3.123382
3.603144 -3.118008
3.603253 -3.114412
3.603361 -3.116743
3.603469 -3.109949
3.603577 -3.110700
3.603686 -3.114163
3.603794 -3.116575
3.603902 -3.122647
3.604010 -3.123410
3.604118 -3.123017
3.604226 -3.124729
3.604334 -3.131067
3.604442 -3.135972
3.604550 -3.134817
3.604658 -3.139309
3.604766 -3.147017
3.604874 -3.147429
3.604982 -3.147467
3.605089 -3.148121
3.605197 -3.150710
3.605305 -3.151179
3.605413 -3.155385
3.605521 -3.150169
3.605628 -3.149679
3.605736 -3.145895
3.605844 -3.145411
3.605951 -3.140469
3.606059 -3.136105
3.606166 -3.135164
3.606274 -3.142025
3.606381 -3.139504
3.606489 -3.134219
3.606596 -3.125425
3.606704 -3.128317
3.606811 -3.122359
3.606919 -3.126827
3.607026 -3.134832
3.607133 -3.134581
3.607241 -3.133795
3.607348 -3.136615
3.607455 -3.144674
3.607562 -3.147045
3.607669 -3.150111
3.607777 -3.156826
3.607884 -3.166952
3.607991 -3.168887
3.608098 -3.168667
3.608205 -3.179018
3.608312 -3.188839
3.608419 -3.194220
3.608526 -3.197247
3.608633 -3.197700
3.608740 -3.209176
3.608847 -3.211550
3.608954 -3.211324
3.609061 -3.210074
3.609167 -3.207089
3.609274 -3.207193
3.609381 -3.212600
3.609488 -3.217779
3.609594 -3.217906
3.609701 -3.222040
3.609808 -3.223428
3.609914 -3.227107
3.610021 -3.226331
3.610128 -3.230509
3.610234 -3.233640
3.610341 -3.240893
3.610447 -3.240090
3.610554 -3.238657
3.610660 -3.231582
3.610767 -3.226376
3.610873 -3.225072
3.610979 -3.214030
3.611086 -3.206733
3.611192 -3.196499
3.611298 -3.204603
3.611405 -3.202712
3.611511 -3.200817
3.611617 -3.197566
3.611723 -3.198344
3.611829 -3.207441
3.611936 -3.201947
3.612042 -3.209962
3.612148 -3.209857
3.612254 -3.217939
3.612360 -3.220134
3.612466 -3.219622
3.612572 -3.221460
3.612678 -3.217888
3.612784 -3.215821
3.612890 -3.216496
3.612996 -3.219354
3.613102 -3.219176
3.613207 -3.206864
3.613313 -3.207366
3.613419 -3.213288
3.613525 -3.215350
3.613630 -3.214855
3.613736 -3.210361
3.613842 -3.206992
3.613947 -3.206443
3.614053 -3.208741
3.614159 -3.202285
3.614264 -3.198260
3.614370 -3.191043
3.614475 -3.185479
3.614581 -3.192818
3.614686 -3.202726
3.614792 -3.207546
3.614897 -3.205877
3.615003 -3.212212
3.615108 -3.219389
3.615213 -3.220968
3.615319 -3.224164
3.615424 -3.225817
3.615529 -3.230103
3.615634 -3.232858
3.615740 -3.237157
3.615845 -3.246221
3.615950 -3.248585
3.616055 -3.256855
3.616160 -3.264932
3.616265 -3.274872
3.616370 -3.283759
3.616476 -3.281540
3.616581 -3.281836
3.616686 -3.282609
3.616790 -3.283845
3.616895 -3.289859
3.617000 -3.299675
3.617105 -3.307047
3.617210 -3.304745
3.617315 -3.303297
3.617420 -3.302707
3.617525 -3.304629
3.617629 -3.308493
3.617734 -3.307604
3.617839 -3.305834
3.617943 -3.310321
3.618048 -3.309536
3.618153 -3.313496
3.618257 -3.309843
3.618362 -3.309020
3.618466 -3.311739
3.618571 -3.316086
3.618676 -3.314429
3.618780 -3.317252
3.618884 -3.320457
3.618989 -3.320247
3.619093 -3.320849
3.619198 -3.323166
3.619302 -3.329123
3.619406 -3.329676
3.619511 -3.328731
3.619615 -3.326586
3.619719 -3.310241
3.619824 -3.309106
3.619928 -3.308000
3.620032 -3.313221
3.620136 -3.316413
3.620240 -3.315737
3.620344 -3.317182
3.620448 -3.318955
3.620552 -3.315791
3.620656 -3.316562
3.620760 -3.311209
3.620864 -3.315965
3.620968 -3.312609
3.621072 -3.314390
3.621176 -3.309043
3.621280 -3.304875
3.621384 -3.303192
3.621488 -3.299606
3.621592 -3.287611
3.621695 -3.280026
3.621799 -3.271270
3.621903 -3.261799
3.622007 -3.259662
3.622110 -3.258302
3.622214 -3.252080
3.622318 -3.246898
3.622421 -3.245021
3.622525 -3.241250
3.622628 -3.238341
3.622732 -3.238670
3.622835 -3.235333
3.622939 -3.231347
3.623042 -3.223833
3.623146 -3.218765
3.623249 -3.212608
3.623353 -3.216577
3.623456 -3.213771
3.623559 -3.213698
3.623663 -3.206788
3.623766 -3.203274
3.623869 -3.199870
3.623973 -3.192509
3.624076 -3.190149
3.624179 -3.192884
3.624282 -3.191937
3.624385 -3.190203
3.624488 -3.189424
3.624591 -3.187906
3.624695 -3.187512
3.624798 -3.188304
3.624901 -3.192239
3.625004 -3.187809
3.625107 -3.186514
3.625210 -3.183936
3.625312 -3.184513
3.625415 -3.176327
3.625518 -3.174797
3.625621 -3.169512
3.625724 -3.160318
3.625827 -3.154352
3.625929 -3.148480
3.626032 -3.146046
3.626135 -3.143632
3.626238 -3.145874
3.626340 -3.138683
3.626443 -3.133846
3.626546 -3.131626
3.626648 -3.129402
3.626751 -3.130766
3.626853 -3.122060
3.626956 -3.116878
3.627058 -3.115401
3.627161 -3.114843
3.627263 -3.112718
3.627366 -3.107472
3.627468 -3.105773
3.627571 -3.104212
3.627673 -3.102073
3.627775 -3.101408
3.627878 -3.101290
3.627980 -3.100027
3.628082 -3.101875
3.628185 -3.093425
3.628287 -3.093600
3.628389 -3.092598
3.628491 -3.099903
3.628593 -3.106686
3.628695 -3.112669
3.628797 -3.112593
3.628900 -3.109931
3.629002 -3.110436
3.629104 -3.107015
3.629206 -3.115402
3.629308 -3.124319
3.629410 -3.129621
3.629512 -3.135266
3.629613 -3.138150
3.629715 -3.137018
3.629817 -3.138160
3.629919 -3.143625
3.630021 -3.146265
3.630123 -3.145383
3.630224 -3.147996
3.630326 -3.142271
3.630428 -3.145826
3.630530 -3.137027
3.630631 -3.128712
3.630733 -3.119994
3.630835 -3.120040
3.630936 -3.119474
3.631038 -3.127160
3.631139 -3.126958
3.631241 -3.127882
3.631342 -3.128341
3.631444 -3.128338
3.631545 -3.123859
3.631647 -3.125578
3.631748 -3.115577
3.631849 -3.118723
3.631951 -3.123534
3.632052 -3.125990
3.632153 -3.121278
3.632255 -3.122992
3.632356 -3.121071
3.632457 -3.114731
3.632559 -3.111768
3.632660 -3.115111
3.632761 -3.113457
3.632862 -3.111762
3.632963 -3.115382
3.633064 -3.116186
3.633165 -3.118945
3.633266 -3.123957
3.633367 -3.122170
3.633468 -3.121047
3.633569 -3.118666
3.633670 -3.119335
3.633771 -3.122485
3.633872 -3.121247
3.633973 -3.118178
3.634074 -3.112564
3.634175 -3.111491
3.634276 -3.104902
3.634376 -3.099307
3.634477 -3.100541
3.634578 -3.097822
3.634679 -3.097527
3.634779 -3.097544
3.634880 -3.096587
3.634981 -3.097983
3.635081 -3.099859
3.635182 -3.101930
3.635283 -3.101605
3.635383 -3.101739
3.635484 -3.101106
3.635584 -3.103063
3.635685 -3.104074
3.635785 -3.112499
3.635886 -3.111350
3.635986 -3.110229
3.636087 -3.112202
3.636187 -3.112873
3.636287 -3.120031
3.636388 -3.122625
3.636488 -3.120902
3.636588 -3.132309
3.636688 -3.135333
3.636789 -3.142172
3.636889 -3.153324
3.636989 -3.162209
3.637089 -3.170270
3.637189 -3.175965
3.637290 -3.180131
3.637390 -3.184512
3.637490 -3.184722
3.637590 -3.184563
3.637690 -3.188403
3.637790 -3.193769
3.637890 -3.192451
3.637990 -3.198831
3.638090 -3.202441
3.638190 -3.184953
3.638290 -3.187054
3.638389 -3.186828
3.638489 -3.193137
3.638589 -3.195094
3.638689 -3.198272
3.638789 -3.194715
3.638888 -3.194103
3.638988 -3.194983
3.639088 -3.195828
3.639188 -3.197374
3.639287 -3.197127
3.639387 -3.198765
3.639486 -3.203221
3.639586 -3.207909
3.639686 -3.205216
3.639785 -3.214166
3.639885 -3.218300
3.639984 -3.224231
3.640084 -3.234094
3.640183 -3.235142
3.640283 -3.235997
3.640382 -3.239847
3.640481 -3.246168
3.640581 -3.250387
3.640680 -3.255572
3.640779 -3.259338
3.640879 -3.275000
3.640978 -3.285379
3.641077 -3.288943
3.641177 -3.290520
3.641276 -3.294399
3.641375 -3.292692
3.641474 -3.294918
3.641573 -3.302224
3.641672 -3.304397
3.641771 -3.306627
3.641871 -3.310316
3.641970 -3.314547
3.642069 -3.313274
3.642168 -3.308468
3.642267 -3.311667
3.642366 -3.315565
3.642465 -3.314211
3.642563 -3.322352
3.642662 -3.316517
3.642761 -3.312546
3.642860 -3.308246
3.642959 -3.311812
3.643058 -3.312027
3.643156 -3.309350
3.643255 -3.301545
3.643354 -3.299412
3.643453 -3.297244
3.643551 -3.294363
3.643650 -3.290926
3.643749 -3.289026
3.643847 -3.290050
3.643946 -3.287668
3.644044 -3.281855
3.644143 -3.283342
3.644242 -3.281670
3.644340 -3.286884
3.644439 -3.286128
3.644537 -3.281216
3.644636 -3.274423
3.644734 -3.268017
3.644832 -3.262413
3.644931 -3.261115
3.645029 -3.256420
3.645127 -3.244330
3.645226 -3.243360
3.645324 -3.243544
3.645422 -3.238395
3.645521 -3.241669
3.645619 -3.244838
3.645717 -3.246202
3.645815 -3.237791
3.645913 -3.234784
3.646011 -3.231385
3.646110 -3.233084
3.646208 -3.239600
3.646306 -3.231645
3.646404 -3.229592
3.646502 -3.232771
3.646600 -3.233900
3.646698 -3.234252
3.646796 -3.243166
3.646894 -3.245625
3.646992 -3.242062
3.647089 -3.243291
3.647187 -3.255666
3.647285 -3.259806
3.647383 -3.255365
3.647481 -3.252443
3.647579 -3.249656
3.647676 -3.253540
3.647774 -3.251781
3.647872 -3.254890
3.647969 -3.253459
3.648067 -3.244785
3.648165 -3.245476
3.648262 -3.255736
3.648360 -3.262609
3.648458 -3.263738
3.648555 -3.259822
3.648653 -3.261515
3.648750 -3.256997
3.648848 -3.259383
3.648945 -3.264081
3.649043 -3.263447
3.649140 -3.266535
3.649237 -3.263940
3.649335 -3.261769
3.649432 -3.261661
3.649530 -3.259445
3.649627 -3.272306
3.649724 -3.267873
3.649821 -3.277660
3.649919 -3.278915
3.650016 -3.277611
3.650113 -3.281850
3.650210 -3.286081
3.650308 -3.286019
3.650405 -3.293889
3.650502 -3.285478
3.650599 -3.278354
3.650696 -3.275429
3.650793 -3.273807
3.650890 -3.276831
3.650987 -3.274648
3.651084 -3.279121
3.651181 -3.281111
3.651278 -3.278887
3.651375 -3.279471
3.651472 -3.277112
3.651569 -3.275832
3.651666 -3.272697
3.651762 -3.270518
3.651859 -3.269301
3.651956 -3.266513
3.652053 -3.263726
3.652150 -3.263927
3.652246 -3.259756
3.652343 -3.254396
3.652440 -3.252294
3.652536 -3.251039
3.652633 -3.259711
3.652730 -3.262010
3.652826 -3.265474
3.652923 -3.265422
3.653019 -3.262371
3.653116 -3.261052
3.653213 -3.270133
3.653309 -3.271234
3.653405 -3.274882
3.653502 -3.271865
3.653598 -3.273648
3.653695 -3.272789
3.653791 -3.272897
3.653888 -3.272333
3.653984 -3.272072
3.654080 -3.267021
3.654177 -3.267368
3.654273 -3.268309
3.654369 -3.266408
3.654465 -3.267145
3.654562 -3.267148
3.654658 -3.261885
3.654754 -3.260829
3.654850 -3.263874
3.654946 -3.267501
3.655042 -3.258612
3.655138 -3.254946
3.655235 -3.258857
3.655331 -3.260002
3.655427 -3.256883
3.655523 -3.252684
3.655619 -3.257720
3.655715 -3.261702
3.655810 -3.264012
3.655906 -3.266564
3.656002 -3.268811
3.656098 -3.274406
3.656194 -3.279620
3.656290 -3.278865
3.656386 -3.278552
3.656482 -3.278388
3.656577 -3.288798
3.656673 -3.293546
3.656769 -3.294881
3.656864 -3.291678
3.656960 -3.292470
3.657056 -3.293105
3.657152 -3.289081
3.657247 -3.287543
3.657343 -3.284974
3.657438 -3.284373
3.657534 -3.261354
3.657629 -3.253108
3.657725 -3.244386
3.657820 -3.234606
3.657916 -3.229683
3.658011 -3.225013
3.658107 -3.221298
3.658202 -3.221406
3.658298 -3.225805
3.658393 -3.226121
3.658488 -3.226733
3.658584 -3.229075
3.658679 -3.234294
3.658774 -3.234347
3.658870 -3.233379
3.658965 -3.236084
3.659060 -3.237935
3.659155 -3.236785
3.659250 -3.231522
3.659346 -3.232639
3.659441 -3.235378
3.659536 -3.238120
3.659631 -3.236387
3.659726 -3.240080
3.659821 -3.241416
3.659916 -3.244646
3.660011 -3.246804
3.660106 -3.246056
3.660201 -3.241009
3.660296 -3.237995
3.660391 -3.237159
3.660486 -3.235255
3.660581 -3.230627
3.660676 -3.232392
3.660771 -3.232190
3.660865 -3.230948
3.660960 -3.230848
3.661055 -3.227236
3.661150 -3.225450
3.661245 -3.223750
3.661339 -3.225515
3.661434 -3.222814
3.661529 -3.225239
3.661623 -3.224626
3.661718 -3.225136
3.661813 -3.222478
3.661907 -3.224598
3.662002 -3.225576
3.662096 -3.221743
3.662191 -3.219808
3.662286 -3.220316
3.662380 -3.218695
3.662475 -3.217700
3.662569 -3.217283
3.662663 -3.218893
3.662758 -3.219789
3.662852 -3.217486
3.662947 -3.214703
3.663041 -3.210566
3.663135 -3.208384
3.663230 -3.217554
3.663324 -3.217378
3.663418 -3.230592
3.663512 -3.237217
3.663607 -3.239747
3.663701 -3.240700
3.663795 -3.241621
3.663889 -3.236930
3.663983 -3.238395
3.664078 -3.245529
3.664172 -3.246663
3.664266 -3.255857
3.664360 -3.260970
3.664454 -3.265670
3.664548 -3.265100
3.664642 -3.268051
3.664736 -3.273947
3.664830 -3.272154
3.664924 -3.277336
3.665018 -3.280456
3.665112 -3.282415
3.665206 -3.281317
3.665299 -3.279183
3.665393 -3.278880
3.665487 -3.275178
3.665581 -3.273322
3.665675 -3.273157
3.665769 -3.276751
3.665862 -3.278901
3.665956 -3.278636
3.666050 -3.278662
3.666143 -3.277872
3.666237 -3.268416
3.666331 -3.260432
3.666424 -3.264662
3.666518 -3.259389
3.666612 -3.266835
3.666705 -3.270984
3.666799 -3.269701
3.666892 -3.268683
3.666986 -3.262711
3.667079 -3.259491
3.667173 -3.259467
3.667266 -3.259214
3.667360 -3.262272
3.667453 -3.263877
3.667546 -3.265498
3.667640 -3.274290
3.667733 -3.277699
3.667826 -3.279509
3.667920 -3.285790
3.668013 -3.282312
3.668106 -3.282518
3.668199 -3.278476
3.668293 -3.275267
3.668386 -3.278876
3.668479 -3.284890
3.668572 -3.284203
3.668665 -3.278649
3.668759 -3.277910
3.668852 -3.276460
3.668945 -3.282609
3.669038 -3.282531
3.669131 -3.281157
3.669224 -3.280225
3.669317 -3.278119
3.669410 -3.274528
3.669503 -3.265894
3.669596 -3.260389
3.669689 -3.256213
3.669782 -3.252720
3.669875 -3.246974
3.669967 -3.242884
3.670060 -3.243519
3.670153 -3.240190
3.670246 -3.238781
3.670339 -3.239046
3.670431 -3.235586
3.670524 -3.240731
3.670617 -3.246164
3.670710 -3.252786
3.670802 -3.250078
3.670895 -3.247008
3.670988 -3.253457
3.671080 -3.251482
3.671173 -3.254492
3.671265 -3.252662
3.671358 -3.263211
3.671451 -3.267918
3.671543 -3.277978
3.671636 -3.282100
3.671728 -3.290630
3.671821 -3.294584
3.671913 -3.293377
3.672005 -3.294270
3.672098 -3.288751
3.672190 -3.291659
3.672283 -3.284513
3.672375 -3.283944
3.672467 -3.283997
3.672560 -3.285277
3.672652 -3.289247
3.672744 -3.288604
3.672836 -3.282101
3.672929 -3.270597
3.673021 -3.269185
3.673113 -3.270545
3.673205 -3.279174
3.673297 -3.276316
3.673390 -3.273605
3.673482 -3.274208
3.673574 -3.271364
3.673666 -3.269481
3.673758 -3.269844
3.673850 -3.267800
3.673942 -3.262802
3.674034 -3.260189
3.674126 -3.264173
3.674218 -3.267303
3.674310 -3.272338
3.674402 -3.270820
3.674494 -3.269315
3.674586 -3.275479
3.674677 -3.275140
3.674769 -3.273592
3.674861 -3.272098
3.674953 -3.283858
3.675045 -3.282645
3.675137 -3.284285
3.675228 -3.293287
3.675320 -3.285634
3.675412 -3.295833
3.675503 -3.308792
3.675595 -3.312238
3.675687 -3.323569
3.675778 -3.324356
3.675870 -3.327836
3.675962 -3.322610
3.676053 -3.323212
3.676145 -3.324722
3.676236 -3.326808
3.676328 -3.332894
3.676419 -3.339039
3.676511 -3.349714
3.676602 -3.353728
3.676694 -3.358606
3.676785 -3.361116
3.676876 -3.358695
3.676968 -3.353709
3.677059 -3.353813
3.677151 -3.358755
3.677242 -3.358614
3.677333 -3.358941
3.677424 -3.354295
3.677516 -3.347776
3.677607 -3.346030
3.677698 -3.325829
3.677789 -3.319444
3.677881 -3.315491
3.677972 -3.303750
3.678063 -3.292408
3.678154 -3.284836
3.678245 -3.283918
3.678336 -3.285666
3.678427 -3.287171
3.678518 -3.283705
3.678609 -3.275978
3.678700 -3.276642
3.678791 -3.279011
3.678882 -3.298363
3.678973 -3.302659
3.679064 -3.309239
3.679155 -3.312258
3.679246 -3.318756
3.679337 -3.316515
3.679428 -3.316639
3.679519 -3.319880
3.679610 -3.320472
3.679700 -3.317776
3.679791 -3.319232
3.679882 -3.321025
3.679973 -3.320500
3.680063 -3.324817
3.680154 -3.316962
3.680245 -3.314641
3.680336 -3.316993
3.680426 -3.318494
3.680517 -3.315361
3.680607 -3.311306
3.680698 -3.313079
3.680789 -3.305763
3.680879 -3.303423
3.680970 -3.300569
3.681060 -3.295688
3.681151 -3.286866
3.681241 -3.286036
3.681332 -3.284675
3.681422 -3.277526
3.681513 -3.284434
3.681603 -3.291742
3.681693 -3.295344
3.681784 -3.294237
3.681874 -3.298376
3.681964 -3.307012
3.682055 -3.308269
3.682145 -3.313484
3.682235 -3.318624
3.682326 -3.316214
3.682416 -3.324986
3.682506 -3.330572
3.682596 -3.336436
3.682686 -3.347465
3.682777 -3.357679
3.682867 -3.354170
3.682957 -3.361681
3.683047 -3.360180
3.683137 -3.359481
3.683227 -3.359586
3.683317 -3.364098
3.683407 -3.368237
3.683497 -3.381095
3.683587 -3.379013
3.683677 -3.382187
3.683767 -3.382750
3.683857 -3.385556
3.683947 -3.395276
3.684037 -3.394595
3.684127 -3.396098
3.684217 -3.393498
3.684307 -3.395277
3.684396 -3.398487
3.684486 -3.399323
3.684576 -3.406979
3.684666 -3.406279
3.684756 -3.415476
3.684845 -3.420054
3.684935 -3.424282
3.685025 -3.425362
3.685114 -3.425858
3.685204 -3.436232
3.685294 -3.432835
3.685383 -3.438884
3.685473 -3.438048
3.685563 -3.433351
3.685652 -3.432887
3.685742 -3.435428
3.685831 -3.441988
3.685921 -3.443473
3.686010 -3.450180
3.686100 -3.449981
3.686189 -3.446462
3.686279 -3.445098
3.686368 -3.446017
3.686458 -3.437893
3.686547 -3.439754
3.686636 -3.434144
3.686726 -3.432472
3.686815 -3.432881
3.686904 -3.430715
3.686994 -3.427215
3.687083 -3.430882
3.687172 -3.430376
3.687261 -3.436798
3.687351 -3.446754
3.687440 -3.447159
3.687529 -3.454737
3.687618 -3.459865
3.687707 -3.456934
3.687796 -3.458256
3.687886 -3.458635
3.687975 -3.460783
3.688064 -3.464510
3.688153 -3.470399
3.688242 -3.473634
3.688331 -3.475978
3.688420 -3.473491
3.688509 -3.465339
3.688598 -3.465379
3.688687 -3.460854
3.688776 -3.452006
3.688865 -3.451900
3.688953 -3.447138
3.689042 -3.449492
3.689131 -3.450632
3.689220 -3.447815
3.689309 -3.449373
3.689398 -3.443322
3.689486 -3.429190
3.689575 -3.428352
3.689664 -3.431891
3.689753 -3.432451
3.689841 -3.426057
3.689930 -3.419632
3.690019 -3.423275
3.690107 -3.418996
3.690196 -3.415272
3.690285 -3.412433
3.690373 -3.412428
3.690462 -3.408255
3.690550 -3.400788
3.690639 -3.393214
3.690728 -3.387817
3.690816 -3.386909
3.690905 -3.381115
3.690993 -3.379526
3.691081 -3.368625
3.691170 -3.376534
3.691258 -3.383209
3.691347 -3.381454
3.691435 -3.393493
3.691524 -3.385768
3.691612 -3.382625
3.691700 -3.383840
3.691789 -3.379754
3.691877 -3.376769
3.691965 -3.376867
3.692053 -3.371096
3.692142 -3.365901
3.692230 -3.359911
3.692318 -3.363201
3.692406 -3.358348
3.692494 -3.360726
3.692583 -3.365611
3.692671 -3.364940
3.692759 -3.357137
3.692847 -3.354772
3.692935 -3.357734
3.693023 -3.349051
3.693111 -3.347706
3.693199 -3.349572
3.693287 -3.339193
3.693375 -3.331797
3.693463 -3.325317
3.693551 -3.318643
3.693639 -3.312535
3.693727 -3.301891
3.693815 -3.294969
3.693903 -3.287149
3.693991 -3.282536
3.694078 -3.290371
3.694166 -3.292869
3.694254 -3.294297
3.694342 -3.295234
3.694430 -3.294824
3.694517 -3.294494
3.694605 -3.293399
3.694693 -3.291112
3.694781 -3.293801
3.694868 -3.304022
3.694956 -3.312426
3.695044 -3.315967
3.695131 -3.316577
3.695219 -3.316593
3.695307 -3.311173
3.695394 -3.316212
3.695482 -3.316359
3.695569 -3.315099
3.695657 -3.310858
3.695744 -3.309707
3.695832 -3.309471
3.695919 -3.311877
3.696007 -3.311999
3.696094 -3.303631
3.696182 -3.303709
3.696269 -3.300017
3.696356 -3.297400
3.696444 -3.300751
3.696531 -3.305557
3.696618 -3.304720
3.696706 -3.310551
3.696793 -3.309420
3.696880 -3.311251
3.696968 -3.308089
3.697055 -3.305989
3.697142 -3.305503
3.697229 -3.310357
3.697317 -3.312063
3.697404 -3.307482
3.697491 -3.298021
3.697578 -3.292614
3.697665 -3.288210
3.697752 -3.280627
3.697839 -3.275999
3.697926 -3.278459
3.698014 -3.277849
3.698101 -3.280899
3.698188 -3.281940
3.698275 -3.279774
3.698362 -3.280721
3.698449 -3.291611
3.698535 -3.286554
3.698622 -3.282847
3.698709 -3.277679
3.698796 -3.275604
