0.000000 0.886099
0.301030 0.788440
0.477121 0.709614
0.602060 0.650959
0.698970 0.602901
0.778151 0.558125
0.845098 0.520197
0.903090 0.481926
0.954243 0.451226
1.000000 0.420148
1.041393 0.390597
1.079181 0.360069
1.113943 0.337049
1.146128 0.311595
1.176091 0.283086
1.204120 0.259534
1.230449 0.245860
1.255273 0.219013
1.278754 0.197266
1.301030 0.179846
1.322219 0.157510
1.342423 0.142643
1.361728 0.133295
1.380211 0.113960
1.397940 0.096956
1.414973 0.071263
1.431364 0.068467
1.447158 0.056419
1.462398 0.038025
1.477121 0.028963
1.491362 0.010993
1.505150 -0.000483
1.518514 -0.005927
1.531479 -0.016986
1.544068 -0.033334
1.556303 -0.043430
1.568202 -0.065379
1.579784 -0.074868
1.591065 -0.083503
1.602060 -0.090009
1.612784 -0.098638
1.623249 -0.112958
1.633468 -0.126606
1.643453 -0.152146
1.653213 -0.135058
1.662758 -0.150669
1.672098 -0.163088
1.681241 -0.162677
1.690196 -0.166563
1.698970 -0.187984
1.707570 -0.188165
1.716003 -0.201221
1.724276 -0.196458
1.732394 -0.213088
1.740363 -0.222248
1.748188 -0.213673
1.755875 -0.238227
1.763428 -0.235228
1.770852 -0.244803
1.778151 -0.264764
1.785330 -0.255361
1.792392 -0.275667
1.799341 -0.282678
1.806180 -0.284607
1.812913 -0.287838
1.819544 -0.288853
1.826075 -0.289244
1.832509 -0.298527
1.838849 -0.322206
1.845098 -0.317653
1.851258 -0.326352
1.857332 -0.317487
1.863323 -0.345689
1.869232 -0.342792
1.875061 -0.337764
1.880814 -0.351408
1.886491 -0.370282
1.892095 -0.365350
1.897627 -0.379829
1.903090 -0.378770
1.908485 -0.367606
1.913814 -0.407490
1.919078 -0.397127
1.924279 -0.386839
1.929419 -0.382182
1.934498 -0.411893
1.939519 -0.417624
1.944483 -0.431964
1.949390 -0.417406
1.954243 -0.416341
1.959041 -0.438350
1.963788 -0.430172
1.968483 -0.421707
1.973128 -0.451201
1.977724 -0.441755
1.982271 -0.458572
1.986772 -0.445237
1.991226 -0.470072
1.995635 -0.466430
2.000000 -0.470230
2.004321 -0.475603
2.008600 -0.468646
2.012837 -0.454580
2.017033 -0.473124
2.021189 -0.471448
2.025306 -0.503520
2.029384 -0.502141
2.033424 -0.504789
2.037426 -0.509086
2.041393 -0.499619
2.045323 -0.514627
2.049218 -0.513752
2.053078 -0.506597
2.056905 -0.505088
2.060698 -0.519723
2.064458 -0.513414
2.068186 -0.523213
2.071882 -0.529039
2.075547 -0.526701
2.079181 -0.537947
2.082785 -0.529464
2.086360 -0.554727
2.089905 -0.532083
2.093422 -0.549575
2.096910 -0.529936
2.100371 -0.555624
2.103804 -0.551017
2.107210 -0.576903
2.110590 -0.573881
2.113943 -0.573779
2.117271 -0.565095
2.120574 -0.588874
2.123852 -0.587314
2.127105 -0.573519
2.130334 -0.572089
2.133539 -0.594804
2.136721 -0.590333
2.139879 -0.596054
2.143015 -0.606626
2.146128 -0.593196
2.149219 -0.594890
2.152288 -0.621625
2.155336 -0.626029
2.158362 -0.621026
2.161368 -0.600407
2.164353 -0.626220
2.167317 -0.619747
2.170262 -0.602442
2.173186 -0.619986
2.176091 -0.615663
2.178977 -0.650903
2.181844 -0.658723
2.184691 -0.626996
2.187521 -0.652759
2.190332 -0.642169
2.193125 -0.636658
2.195900 -0.645446
2.198657 -0.640642
2.201397 -0.644516
2.204120 -0.646824
2.206826 -0.648736
2.209515 -0.648411
2.212188 -0.650991
2.214844 -0.661041
2.217484 -0.655761
2.220108 -0.665884
2.222716 -0.676221
2.225309 -0.682400
2.227887 -0.673465
2.230449 -0.662452
2.232996 -0.695832
2.235528 -0.694729
2.238046 -0.681113
2.240549 -0.690266
2.243038 -0.670473
2.245513 -0.702781
2.247973 -0.694099
2.250420 -0.728124
2.252853 -0.670996
2.255273 -0.684028
2.257679 -0.725236
2.260071 -0.712689
2.262451 -0.705085
2.264818 -0.743480
2.267172 -0.721803
2.269513 -0.697045
2.271842 -0.724944
2.274158 -0.717258
2.276462 -0.721619
2.278754 -0.738605
2.281033 -0.694290
2.283301 -0.736606
2.285557 -0.755743
2.287802 -0.743145
2.290035 -0.740723
2.292256 -0.750626
2.294466 -0.739137
2.296665 -0.746771
2.298853 -0.729405
2.301030 -0.745000
2.303196 -0.750745
2.305351 -0.746901
2.307496 -0.739422
2.309630 -0.773282
2.311754 -0.748415
2.313867 -0.744747
2.315970 -0.762561
2.318063 -0.782480
2.320146 -0.765817
2.322219 -0.747079
2.324282 -0.787974
2.326336 -0.773639
2.328380 -0.789333
2.330414 -0.788888
2.332438 -0.796106
2.334454 -0.763310
2.336460 -0.786901
2.338456 -0.789941
2.340444 -0.779660
2.342423 -0.775771
2.344392 -0.797193
2.346353 -0.796232
2.348305 -0.792973
2.350248 -0.805117
2.352183 -0.803350
2.354108 -0.817893
2.356026 -0.800024
2.357935 -0.803047
2.359835 -0.812955
2.361728 -0.812671
2.363612 -0.787013
2.365488 -0.805470
2.367356 -0.794185
2.369216 -0.814854
2.371068 -0.819814
2.372912 -0.789800
2.374748 -0.802726
2.376577 -0.818453
2.378398 -0.846482
2.380211 -0.812239
2.382017 -0.836057
2.383815 -0.832038
2.385606 -0.834847
2.387390 -0.826736
2.389166 -0.828533
2.390935 -0.833734
2.392697 -0.844303
2.394452 -0.849507
2.396199 -0.845493
2.397940 -0.848083
2.399674 -0.830287
2.401401 -0.843662
2.403121 -0.849000
2.404834 -0.804051
2.406540 -0.829896
2.408240 -0.855334
2.409933 -0.858006
2.411620 -0.837797
2.413300 -0.865043
2.414973 -0.857412
2.416641 -0.857901
2.418301 -0.852596
2.419956 -0.853550
2.421604 -0.870787
2.423246 -0.861634
2.424882 -0.872276
2.426511 -0.896989
2.428135 -0.849345
2.429752 -0.868487
2.431364 -0.856996
2.432969 -0.888171
2.434569 -0.879541
2.436163 -0.859543
2.437751 -0.884976
2.439333 -0.877904
2.440909 -0.863162
2.442480 -0.884468
2.444045 -0.885861
2.445604 -0.874315
2.447158 -0.840426
2.448706 -0.891847
2.450249 -0.888971
2.451786 -0.873022
2.453318 -0.891106
2.454845 -0.863561
2.456366 -0.877066
2.457882 -0.935555
2.459392 -0.902264
2.460898 -0.890978
2.462398 -0.876816
2.463893 -0.905171
2.465383 -0.897325
2.466868 -0.919197
2.468347 -0.897188
2.469822 -0.888420
2.471292 -0.918905
2.472756 -0.879693
2.474216 -0.932405
2.475671 -0.917828
2.477121 -0.918021
2.478566 -0.908407
2.480007 -0.906650
2.481443 -0.900238
2.482874 -0.917441
2.484300 -0.899027
2.485721 -0.898201
2.487138 -0.898725
2.488551 -0.917927
2.489958 -0.914438
2.491362 -0.885735
2.492760 -0.923215
2.494155 -0.904333
2.495544 -0.905232
2.496930 -0.915700
2.498311 -0.926267
2.499687 -0.902352
2.501059 -0.933550
2.502427 -0.950627
2.503791 -0.925644
2.505150 -0.947666
2.506505 -0.946420
2.507856 -0.941082
2.509203 -0.888219
2.510545 -0.923478
2.511883 -0.962390
2.513218 -0.937704
2.514548 -0.905560
2.515874 -0.934542
2.517196 -0.930444
2.518514 -0.943865
2.519828 -0.919492
2.521138 -0.928175
2.522444 -0.943072
2.523746 -0.958262
2.525045 -0.984364
2.526339 -0.942214
2.527630 -0.939153
2.528917 -0.951432
2.530200 -0.950434
2.531479 -0.956816
2.532754 -0.933776
2.534026 -0.925990
2.535294 -0.980340
2.536558 -0.950698
2.537819 -0.982350
2.539076 -0.956796
2.540329 -0.922354
2.541579 -0.989182
2.542825 -0.998731
2.544068 -0.944856
2.545307 -0.979923
2.546543 -0.969577
2.547775 -0.977787
2.549003 -0.977897
2.550228 -0.953601
2.551450 -0.966552
2.552668 -0.962114
2.553883 -0.941469
2.555094 -1.012526
2.556303 -0.952598
2.557507 -0.942891
2.558709 -0.976510
2.559907 -0.984657
2.561101 -0.983225
2.562293 -0.980389
2.563481 -0.977047
2.564666 -0.982610
2.565848 -0.978080
2.567026 -1.012122
2.568202 -0.980470
2.569374 -1.010171
2.570543 -0.974385
2.571709 -1.019801
2.572872 -0.994060
2.574031 -1.019212
2.575188 -0.976277
2.576341 -0.991554
2.577492 -1.026881
2.578639 -1.010601
2.579784 -0.974171
2.580925 -0.993024
2.582063 -0.973666
2.583199 -0.987638
2.584331 -1.017845
2.585461 -1.051671
2.586587 -1.023731
2.587711 -1.020002
2.588832 -1.016904
2.589950 -1.028324
2.591065 -0.976875
2.592177 -1.004995
2.593286 -1.013951
2.594393 -1.031210
2.595496 -0.990589
2.596597 -0.985147
2.597695 -0.998829
2.598791 -0.999141
2.599883 -1.011892
2.600973 -1.001654
2.602060 -0.996603
2.603144 -0.988217
2.604226 -0.983684
2.605305 -1.002777
2.606381 -1.025103
2.607455 -1.009926
2.608526 -1.018764
2.609594 -1.007197
2.610660 -1.010734
2.611723 -0.982927
2.612784 -1.003912
2.613842 -1.009897
2.614897 -0.980767
2.615950 -1.033013
2.617000 -1.027853
2.618048 -1.057936
2.619093 -1.023787
2.620136 -1.021830
2.621176 -1.014278
2.622214 -1.062471
2.623249 -0.998326
2.624282 -1.021786
2.625312 -1.049146
2.626340 -1.021366
2.627366 -1.015525
2.628389 -1.032686
2.629410 -1.065804
2.630428 -1.061970
2.631444 -1.060954
2.632457 -1.043030
2.633468 -1.046080
2.634477 -1.040837
2.635484 -1.019412
2.636488 -1.025848
2.637490 -1.086438
2.638489 -1.056834
2.639486 -1.060314
2.640481 -1.030476
2.641474 -1.039989
2.642465 -1.053838
2.643453 -1.046135
2.644439 -1.031851
2.645422 -1.028693
2.646404 -1.031718
2.647383 -1.040086
2.648360 -1.030564
2.649335 -1.042250
2.650308 -1.033943
2.651278 -1.067842
2.652246 -1.028643
2.653213 -1.064001
2.654177 -1.073058
2.655138 -1.067854
2.656098 -1.040546
2.657056 -1.072235
2.658011 -1.051422
2.658965 -1.031971
2.659916 -1.066480
2.660865 -1.059854
2.661813 -1.032128
2.662758 -1.033767
2.663701 -1.074521
2.664642 -1.020083
2.665581 -1.031718
2.666518 -1.070088
2.667453 -1.051303
2.668386 -1.051220
2.669317 -1.015042
2.670246 -1.048347
2.671173 -1.060950
2.672098 -1.065018
2.673021 -1.083372
2.673942 -1.079818
2.674861 -1.079655
2.675778 -1.052723
2.676694 -1.056494
2.677607 -1.080123
2.678518 -1.081273
2.679428 -1.094429
2.680336 -1.090530
2.681241 -1.064953
2.682145 -1.064379
2.683047 -1.083695
2.683947 -1.109348
2.684845 -1.117034
2.685742 -1.089727
2.686636 -1.079059
2.687529 -1.089469
2.688420 -1.074842
2.689309 -1.055365
2.690196 -1.109441
2.691081 -1.106759
2.691965 -1.075624
2.692847 -1.083167
2.693727 -1.088491
2.694605 -1.108174
2.695482 -1.109355
2.696356 -1.077167
2.697229 -1.076610
2.698101 -1.103035
2.698970 -1.117934
2.699838 -1.100184
2.700704 -1.109618
2.701568 -1.116829
2.702431 -1.107777
2.703291 -1.138922
2.704151 -1.111966
2.705008 -1.089148
2.705864 -1.082516
2.706718 -1.097355
2.707570 -1.107768
2.708421 -1.086257
2.709270 -1.119164
2.710117 -1.116894
2.710963 -1.112877
2.711807 -1.110350
2.712650 -1.167105
2.713491 -1.136985
2.714330 -1.142300
2.715167 -1.142808
2.716003 -1.120915
2.716838 -1.100756
2.717671 -1.125104
2.718502 -1.123579
2.719331 -1.114650
2.720159 -1.106913
2.720986 -1.095311
2.721811 -1.100455
2.722634 -1.143454
2.723456 -1.110208
2.724276 -1.167864
2.725095 -1.148218
2.725912 -1.110636
2.726727 -1.076200
2.727541 -1.114305
2.728354 -1.122474
2.729165 -1.137590
2.729974 -1.139082
2.730782 -1.123351
2.731589 -1.140479
2.732394 -1.147242
2.733197 -1.111400
2.733999 -1.112588
2.734800 -1.140259
2.735599 -1.133104
2.736397 -1.123154
2.737193 -1.110043
2.737987 -1.147818
2.738781 -1.141113
2.739572 -1.110738
2.740363 -1.134261
2.741152 -1.161378
2.741939 -1.135982
2.742725 -1.130135
2.743510 -1.154656
2.744293 -1.157123
2.745075 -1.128351
2.745855 -1.089309
2.746634 -1.129287
2.747412 -1.102279
2.748188 -1.079823
2.748963 -1.084538
2.749736 -1.138371
2.750508 -1.131828
2.751279 -1.124973
2.752048 -1.097471
2.752816 -1.105724
2.753583 -1.104071
2.754348 -1.121136
2.755112 -1.137249
2.755875 -1.142893
2.756636 -1.155883
2.757396 -1.124780
2.758155 -1.137259
2.758912 -1.167663
2.759668 -1.123749
2.760422 -1.127832
2.761176 -1.103871
2.761928 -1.161242
2.762679 -1.202670
2.763428 -1.154848
2.764176 -1.152654
2.764923 -1.146298
2.765669 -1.161020
2.766413 -1.140545
2.767156 -1.131385
2.767898 -1.151065
2.768638 -1.161360
2.769377 -1.191444
2.770115 -1.153711
2.770852 -1.137776
2.771587 -1.148612
2.772322 -1.198442
2.773055 -1.164187
2.773786 -1.133896
2.774517 -1.125968
2.775246 -1.165337
2.775974 -1.199998
2.776701 -1.193494
2.777427 -1.137451
2.778151 -1.146450
2.778874 -1.152981
2.779596 -1.126910
2.780317 -1.151843
2.781037 -1.156033
2.781755 -1.185822
2.782473 -1.182977
2.783189 -1.162831
2.783904 -1.159280
2.784617 -1.170568
2.785330 -1.174613
2.786041 -1.170306
2.786751 -1.166600
2.787460 -1.155603
2.788168 -1.140256
2.788875 -1.144041
2.789581 -1.151648
2.790285 -1.144312
2.790988 -1.149191
2.791691 -1.202627
2.792392 -1.178612
2.793092 -1.163212
2.793790 -1.154466
2.794488 -1.190172
2.795185 -1.194451
2.795880 -1.173873
2.796574 -1.136843
2.797268 -1.150147
2.797960 -1.181814
2.798651 -1.227149
2.799341 -1.185979
2.800029 -1.184607
2.800717 -1.147842
2.801404 -1.150912
2.802089 -1.180269
2.802774 -1.188944
2.803457 -1.202198
2.804139 -1.166247
2.804821 -1.135297
2.805501 -1.204851
2.806180 -1.234590
2.806858 -1.180327
2.807535 -1.180760
2.808211 -1.161586
2.808886 -1.207484
2.809560 -1.210988
2.810233 -1.164188
2.810904 -1.151264
2.811575 -1.186766
2.812245 -1.213773
2.812913 -1.217110
2.813581 -1.193151
2.814248 -1.174506
2.814913 -1.176404
2.815578 -1.155117
2.816241 -1.165157
2.816904 -1.158645
2.817565 -1.156157
2.818226 -1.200130
2.818885 -1.187674
2.819544 -1.196612
2.820201 -1.172369
2.820858 -1.143546
2.821514 -1.173532
2.822168 -1.193174
2.822822 -1.199792
2.823474 -1.200785
2.824126 -1.201755
2.824776 -1.226956
2.825426 -1.203127
2.826075 -1.194271
2.826723 -1.178058
2.827369 -1.224425
2.828015 -1.221429
2.828660 -1.194573
2.829304 -1.191893
2.829947 -1.199668
2.830589 -1.215052
2.831230 -1.214743
2.831870 -1.205881
2.832509 -1.166101
2.833147 -1.196265
2.833784 -1.230216
2.834421 -1.224329
2.835056 -1.252106
2.835691 -1.239793
2.836324 -1.219254
2.836957 -1.191475
2.837588 -1.167580
2.838219 -1.189209
2.838849 -1.180881
2.839478 -1.195466
2.840106 -1.196166
2.840733 -1.190762
2.841359 -1.195804
2.841985 -1.271180
2.842609 -1.239108
2.843233 -1.229028
2.843855 -1.233576
2.844477 -1.198028
2.845098 -1.194337
2.845718 -1.214906
2.846337 -1.206708
2.846955 -1.224159
2.847573 -1.199309
2.848189 -1.224387
2.848805 -1.221667
2.849419 -1.236152
2.850033 -1.205450
2.850646 -1.226433
2.851258 -1.197660
2.851870 -1.225839
2.852480 -1.263469
2.853090 -1.209153
2.853698 -1.192719
2.854306 -1.163617
2.854913 -1.183362
2.855519 -1.203933
2.856124 -1.237530
2.856729 -1.204238
2.857332 -1.180183
2.857935 -1.169875
2.858537 -1.185973
2.859138 -1.192256
2.859739 -1.220144
2.860338 -1.216517
2.860937 -1.236882
2.861534 -1.233703
2.862131 -1.260171
2.862728 -1.254178
2.863323 -1.231072
2.863917 -1.221008
2.864511 -1.213207
2.865104 -1.221817
2.865696 -1.227325
2.866287 -1.249173
2.866878 -1.226801
2.867467 -1.220841
2.868056 -1.234830
2.868644 -1.236016
2.869232 -1.246258
2.869818 -1.249202
2.870404 -1.271820
2.870989 -1.206608
2.871573 -1.218008
2.872156 -1.232832
2.872739 -1.272505
2.873321 -1.298207
2.873902 -1.267561
2.874482 -1.241452
2.875061 -1.260304
2.875640 -1.246462
2.876218 -1.212316
2.876795 -1.204339
2.877371 -1.229095
2.877947 -1.244784
2.878522 -1.249965
2.879096 -1.247558
2.879669 -1.256498
2.880242 -1.238798
2.880814 -1.211652
2.881385 -1.216057
2.881955 -1.230395
2.882525 -1.227953
2.883093 -1.205748
2.883661 -1.246666
2.884229 -1.235946
2.884795 -1.246908
2.885361 -1.275614
2.885926 -1.261657
2.886491 -1.305340
2.887054 -1.276141
2.887617 -1.276022
2.888179 -1.248927
2.888741 -1.291440
2.889302 -1.293688
2.889862 -1.307310
2.890421 -1.280670
2.890980 -1.274037
2.891537 -1.235894
2.892095 -1.267976
2.892651 -1.273823
2.893207 -1.300686
2.893762 -1.316384
2.894316 -1.288659
2.894870 -1.236284
2.895423 -1.262410
2.895975 -1.300514
2.896526 -1.280462
2.897077 -1.281402
2.897627 -1.250946
2.898176 -1.234745
2.898725 -1.270052
2.899273 -1.233777
2.899821 -1.242976
2.900367 -1.240331
2.900913 -1.256130
2.901458 -1.233157
2.902003 -1.248898
2.902547 -1.223452
2.903090 -1.253391
2.903633 -1.313035
2.904174 -1.282645
2.904716 -1.275664
2.905256 -1.291614
2.905796 -1.274044
2.906335 -1.270873
2.906874 -1.289509
2.907411 -1.288014
2.907949 -1.305850
2.908485 -1.274763
2.909021 -1.308567
2.909556 -1.328506
2.910091 -1.327107
2.910624 -1.295271
2.911158 -1.292943
2.911690 -1.296299
2.912222 -1.292790
2.912753 -1.258134
2.913284 -1.279406
2.913814 -1.293094
2.914343 -1.275176
2.914872 -1.267059
2.915400 -1.249639
2.915927 -1.226182
2.916454 -1.268050
2.916980 -1.277656
2.917506 -1.324300
2.918030 -1.331656
2.918555 -1.374313
2.919078 -1.366175
2.919601 -1.336253
2.920123 -1.310657
2.920645 -1.311615
2.921166 -1.309902
2.921686 -1.310455
2.922206 -1.302476
2.922725 -1.320646
2.923244 -1.323994
2.923762 -1.303004
2.924279 -1.236242
2.924796 -1.252940
2.925312 -1.253900
2.925828 -1.285028
2.926342 -1.299403
2.926857 -1.307982
2.927370 -1.308599
2.927883 -1.295851
2.928396 -1.279559
2.928908 -1.282706
2.929419 -1.278144
2.929930 -1.310787
2.930440 -1.322592
2.930949 -1.338223
2.931458 -1.309485
2.931966 -1.277532
2.932474 -1.300716
2.932981 -1.295187
2.933487 -1.305137
2.933993 -1.316404
2.934498 -1.317052
2.935003 -1.333222
2.935507 -1.312105
2.936011 -1.286487
2.936514 -1.290566
2.937016 -1.307016
2.937518 -1.356087
2.938019 -1.386618
2.938520 -1.378162
2.939020 -1.348459
2.939519 -1.291353
2.940018 -1.259605
2.940516 -1.282864
2.941014 -1.272217
2.941511 -1.297400
2.942008 -1.319522
2.942504 -1.313247
2.943000 -1.305431
2.943495 -1.274256
2.943989 -1.273047
2.944483 -1.298602
2.944976 -1.333069
2.945469 -1.287235
2.945961 -1.292686
2.946452 -1.313935
2.946943 -1.311338
2.947434 -1.302220
2.947924 -1.284523
2.948413 -1.296124
2.948902 -1.295316
2.949390 -1.319564
2.949878 -1.322805
2.950365 -1.308827
2.950851 -1.328810
2.951338 -1.332393
2.951823 -1.315055
2.952308 -1.340064
2.952792 -1.314691
2.953276 -1.304588
2.953760 -1.302584
2.954243 -1.324037
2.954725 -1.384465
2.955207 -1.366136
2.955688 -1.337946
2.956168 -1.326450
2.956649 -1.318968
2.957128 -1.296229
2.957607 -1.285943
2.958086 -1.295239
2.958564 -1.336862
2.959041 -1.314837
2.959518 -1.306269
2.959995 -1.335706
2.960471 -1.353157
2.960946 -1.341614
2.961421 -1.335056
2.961895 -1.339191
2.962369 -1.325517
2.962843 -1.304285
2.963316 -1.320492
2.963788 -1.297209
2.964260 -1.299139
2.964731 -1.320553
2.965202 -1.321349
2.965672 -1.293089
2.966142 -1.290608
2.966611 -1.283445
2.967080 -1.281983
2.967548 -1.244098
2.968016 -1.258046
2.968483 -1.251035
2.968950 -1.272679
2.969416 -1.309138
2.969882 -1.339240
2.970347 -1.329285
2.970812 -1.335305
2.971276 -1.336448
2.971740 -1.348132
2.972203 -1.314998
2.972666 -1.323339
2.973128 -1.325253
2.973590 -1.340742
2.974051 -1.349685
2.974512 -1.383349
2.974972 -1.348512
2.975432 -1.359291
2.975891 -1.334206
2.976350 -1.335364
2.976808 -1.309401
2.977266 -1.319353
2.977724 -1.291842
2.978181 -1.282632
2.978637 -1.312801
2.979093 -1.304133
2.979548 -1.302854
2.980003 -1.292528
2.980458 -1.298797
2.980912 -1.304862
2.981366 -1.319447
2.981819 -1.333100
2.982271 -1.354163
2.982723 -1.327352
2.983175 -1.365499
2.983626 -1.382402
2.984077 -1.392678
2.984527 -1.405766
2.984977 -1.388293
2.985426 -1.377386
2.985875 -1.362028
2.986324 -1.333027
2.986772 -1.331742
2.987219 -1.302472
2.987666 -1.318349
2.988113 -1.341277
2.988559 -1.332982
2.989005 -1.346358
2.989450 -1.341996
2.989895 -1.326557
2.990339 -1.349772
2.990783 -1.395665
2.991226 -1.379988
2.991669 -1.354171
2.992111 -1.363375
2.992554 -1.348449
2.992995 -1.347052
2.993436 -1.350306
2.993877 -1.329912
2.994317 -1.316815
2.994757 -1.339168
2.995196 -1.341556
2.995635 -1.363195
2.996074 -1.337638
2.996512 -1.346244
2.996949 -1.323234
2.997386 -1.295563
2.997823 -1.287360
2.998259 -1.295883
2.998695 -1.309958
2.999131 -1.307147
2.999565 -1.341540
3.000000 -1.371857
3.000434 -1.387515
3.000868 -1.376877
3.001301 -1.355400
3.001734 -1.338344
3.002166 -1.353242
3.002598 -1.323655
3.003029 -1.307058
3.003461 -1.295461
3.003891 -1.316083
3.004321 -1.320074
3.004751 -1.329071
3.005181 -1.368287
3.005609 -1.396330
3.006038 -1.399870
3.006466 -1.419497
3.006894 -1.416854
3.007321 -1.393493
3.007748 -1.383123
3.008174 -1.363122
3.008600 -1.371247
3.009026 -1.338181
3.009451 -1.344613
3.009876 -1.344133
3.010300 -1.410241
3.010724 -1.411829
3.011147 -1.407164
3.011570 -1.415036
3.011993 -1.386316
3.012415 -1.381219
3.012837 -1.364852
3.013259 -1.364873
3.013680 -1.374978
3.014100 -1.370645
3.014521 -1.335581
3.014940 -1.361915
3.015360 -1.399754
3.015779 -1.395798
3.016197 -1.404783
3.016616 -1.389002
3.017033 -1.365267
3.017451 -1.361481
3.017868 -1.379746
3.018284 -1.429887
3.018700 -1.390932
3.019116 -1.362633
3.019532 -1.402279
3.019947 -1.404203
3.020361 -1.385507
3.020775 -1.381864
3.021189 -1.388104
3.021603 -1.387176
3.022016 -1.353433
3.022428 -1.316213
3.022841 -1.322464
3.023252 -1.360816
3.023664 -1.379317
3.024075 -1.359113
3.024486 -1.368607
3.024896 -1.394999
3.025306 -1.401309
3.025715 -1.400096
3.026125 -1.408886
3.026533 -1.384319
3.026942 -1.380116
3.027350 -1.350125
3.027757 -1.337197
3.028164 -1.330550
3.028571 -1.380482
3.028978 -1.376534
3.029384 -1.397675
3.029789 -1.408187
3.030195 -1.434786
3.030600 -1.436883
3.031004 -1.436616
3.031408 -1.416181
3.031812 -1.411351
3.032216 -1.430541
3.032619 -1.439847
3.033021 -1.452773
3.033424 -1.423311
3.033826 -1.411209
3.034227 -1.388358
3.034628 -1.381664
3.035029 -1.391875
3.035430 -1.394521
3.035830 -1.409230
3.036230 -1.403253
3.036629 -1.389859
3.037028 -1.389268
3.037426 -1.366351
3.037825 -1.369800
3.038223 -1.397981
3.038620 -1.430054
3.039017 -1.428789
3.039414 -1.407705
3.039811 -1.405159
3.040207 -1.425671
3.040602 -1.412775
3.040998 -1.380903
3.041393 -1.389780
3.041787 -1.400064
3.042182 -1.380306
3.042576 -1.355855
3.042969 -1.348957
3.043362 -1.337145
3.043755 -1.349191
3.044148 -1.374952
3.044540 -1.413562
3.044932 -1.385333
3.045323 -1.415520
3.045714 -1.416335
3.046105 -1.391343
3.046495 -1.420106
3.046885 -1.382773
3.047275 -1.399748
3.047664 -1.407121
3.048053 -1.403644
3.048442 -1.392825
3.048830 -1.425493
3.049218 -1.387035
3.049606 -1.390900
3.049993 -1.375429
3.050380 -1.395846
3.050766 -1.424099
3.051153 -1.397532
3.051538 -1.401366
3.051924 -1.413154
3.052309 -1.403947
3.052694 -1.405373
3.053078 -1.383111
3.053463 -1.398144
3.053846 -1.376900
3.054230 -1.391241
3.054613 -1.384506
3.054996 -1.406839
3.055378 -1.415217
3.055760 -1.441822
3.056142 -1.414926
3.056524 -1.438910
3.056905 -1.407489
3.057286 -1.423566
3.057666 -1.432127
3.058046 -1.444185
3.058426 -1.437000
3.058805 -1.452202
3.059185 -1.466571
3.059563 -1.430393
3.059942 -1.442671
3.060320 -1.417121
3.060698 -1.372954
3.061075 -1.329426
3.061452 -1.338582
3.061829 -1.319250
3.062206 -1.339339
3.062582 -1.361843
3.062958 -1.373790
3.063333 -1.390828
3.063709 -1.428512
3.064083 -1.421380
3.064458 -1.399316
3.064832 -1.445967
3.065206 -1.474249
3.065580 -1.501591
3.065953 -1.483825
3.066326 -1.484097
3.066699 -1.476457
3.067071 -1.446507
3.067443 -1.407280
3.067815 -1.414215
3.068186 -1.399908
3.068557 -1.420511
3.068928 -1.399871
3.069298 -1.439380
3.069668 -1.463815
3.070038 -1.487720
3.070407 -1.459750
3.070776 -1.446786
3.071145 -1.433499
3.071514 -1.426377
3.071882 -1.397732
3.072250 -1.372695
3.072617 -1.372141
3.072985 -1.364410
3.073352 -1.382049
3.073718 -1.383451
3.074085 -1.336064
3.074451 -1.356794
3.074816 -1.358396
3.075182 -1.368257
3.075547 -1.389767
3.075912 -1.417475
3.076276 -1.444075
3.076640 -1.456487
3.077004 -1.470606
3.077368 -1.480991
3.077731 -1.470536
3.078094 -1.449694
3.078457 -1.421974
3.078819 -1.402270
3.079181 -1.415077
3.079543 -1.417965
3.079904 -1.408996
3.080266 -1.414851
3.080626 -1.414102
3.080987 -1.427324
3.081347 -1.425490
3.081707 -1.421623
3.082067 -1.437761
3.082426 -1.480287
3.082785 -1.487052
3.083144 -1.470028
3.083503 -1.445671
3.083861 -1.452718
3.084219 -1.426163
3.084576 -1.432220
3.084934 -1.420843
3.085291 -1.435189
3.085647 -1.472508
3.086004 -1.405458
3.086360 -1.407571
3.086716 -1.407473
3.087071 -1.413934
3.087426 -1.398942
3.087781 -1.379624
3.088136 -1.390137
3.088490 -1.399474
3.088845 -1.358617
3.089198 -1.373769
3.089552 -1.373056
3.089905 -1.395887
3.090258 -1.408129
3.090611 -1.404186
3.090963 -1.398181
3.091315 -1.390649
3.091667 -1.406234
3.092018 -1.431443
3.092370 -1.461415
3.092721 -1.465118
3.093071 -1.460690
3.093422 -1.495755
3.093772 -1.478198
3.094122 -1.472812
3.094471 -1.471264
3.094820 -1.456915
3.095169 -1.482000
3.095518 -1.505642
3.095866 -1.466656
3.096215 -1.457190
3.096562 -1.461588
3.096910 -1.431427
3.097257 -1.430125
3.097604 -1.417098
3.097951 -1.396527
3.098298 -1.403900
3.098644 -1.417597
3.098990 -1.395450
3.099335 -1.405305
3.099681 -1.425181
3.100026 -1.413469
3.100371 -1.386532
3.100715 -1.415883
3.101059 -1.374199
3.101403 -1.380858
3.101747 -1.382193
3.102091 -1.401062
3.102434 -1.401676
3.102777 -1.406460
3.103119 -1.446573
3.103462 -1.454189
3.103804 -1.468582
3.104146 -1.466937
3.104487 -1.460140
3.104828 -1.443919
3.105169 -1.472011
3.105510 -1.486747
3.105851 -1.477895
3.106191 -1.492754
3.106531 -1.487137
3.106871 -1.497841
3.107210 -1.494471
3.107549 -1.465072
3.107888 -1.459547
3.108227 -1.446858
3.108565 -1.439155
3.108903 -1.412093
3.109241 -1.428599
3.109579 -1.424986
3.109916 -1.449555
3.110253 -1.448799
3.110590 -1.463883
3.110926 -1.469244
3.111263 -1.467654
3.111599 -1.457097
3.111934 -1.440696
3.112270 -1.432691
3.112605 -1.448811
3.112940 -1.485602
3.113275 -1.481401
3.113609 -1.489716
3.113943 -1.489605
3.114277 -1.498525
3.114611 -1.495851
3.114944 -1.494644
3.115278 -1.462856
3.115611 -1.471670
3.115943 -1.444908
3.116276 -1.454275
3.116608 -1.443364
3.116940 -1.445116
3.117271 -1.415522
3.117603 -1.416964
3.117934 -1.412759
3.118265 -1.440301
3.118595 -1.407651
3.118926 -1.426655
3.119256 -1.443418
3.119586 -1.464191
3.119915 -1.425147
3.120245 -1.441092
3.120574 -1.453886
3.120903 -1.436438
3.121231 -1.459176
3.121560 -1.451737
3.121888 -1.430141
3.122216 -1.457709
3.122544 -1.458626
3.122871 -1.464957
3.123198 -1.493721
3.123525 -1.498306
3.123852 -1.494496
3.124178 -1.477234
3.124504 -1.491328
3.124830 -1.506352
3.125156 -1.500870
3.125481 -1.575708
3.125806 -1.604392
3.126131 -1.605034
3.126456 -1.599349
3.126781 -1.575025
3.127105 -1.569475
3.127429 -1.553573
3.127753 -1.539001
3.128076 -1.509813
3.128399 -1.514842
3.128722 -1.515274
3.129045 -1.456259
3.129368 -1.452712
3.129690 -1.426938
3.130012 -1.426017
3.130334 -1.413734
3.130655 -1.445175
3.130977 -1.437378
3.131298 -1.427176
3.131619 -1.413054
3.131939 -1.413817
3.132260 -1.414876
3.132580 -1.422488
3.132900 -1.421954
3.133219 -1.405253
3.133539 -1.408068
3.133858 -1.430734
3.134177 -1.435364
3.134496 -1.446437
3.134814 -1.440661
3.135133 -1.432943
3.135451 -1.426596
3.135769 -1.439160
3.136086 -1.440336
3.136403 -1.454038
3.136721 -1.468249
3.137037 -1.468511
3.137354 -1.475935
3.137671 -1.505690
3.137987 -1.493811
3.138303 -1.513396
3.138618 -1.473567
3.138934 -1.510357
3.139249 -1.519163
3.139564 -1.511750
3.139879 -1.538476
3.140194 -1.569604
3.140508 -1.556185
3.140822 -1.558081
3.141136 -1.559667
3.141450 -1.569367
3.141763 -1.566877
3.142076 -1.555004
3.142389 -1.518696
3.142702 -1.510202
3.143015 -1.547039
3.143327 -1.537605
3.143639 -1.505691
3.143951 -1.511602
3.144263 -1.504714
3.144574 -1.509222
3.144885 -1.511951
3.145196 -1.514777
3.145507 -1.503677
3.145818 -1.502325
3.146128 -1.504028
3.146438 -1.488586
3.146748 -1.457477
3.147058 -1.464547
3.147367 -1.454057
3.147676 -1.476827
3.147985 -1.468401
3.148294 -1.473032
3.148603 -1.484223
3.148911 -1.486176
3.149219 -1.485484
3.149527 -1.475643
3.149835 -1.489173
3.150142 -1.472848
3.150449 -1.455745
3.150756 -1.446955
3.151063 -1.450433
3.151370 -1.495999
3.151676 -1.500421
3.151982 -1.466560
3.152288 -1.479625
3.152594 -1.523980
3.152900 -1.534496
3.153205 -1.540433
3.153510 -1.566840
3.153815 -1.544943
3.154120 -1.532470
3.154424 -1.531348
3.154728 -1.522745
3.155032 -1.517724
3.155336 -1.532058
3.155640 -1.541384
3.155943 -1.559935
3.156246 -1.578210
3.156549 -1.562354
3.156852 -1.561270
3.157154 -1.559112
3.157457 -1.549503
3.157759 -1.532107
3.158061 -1.525789
3.158362 -1.524317
3.158664 -1.505825
3.158965 -1.525325
3.159266 -1.530149
3.159567 -1.573861
3.159868 -1.571073
3.160168 -1.601737
3.160469 -1.600530
3.160769 -1.570836
3.161068 -1.536239
3.161368 -1.535674
3.161667 -1.544355
3.161967 -1.539116
3.162266 -1.521418
3.162564 -1.505405
3.162863 -1.504021
3.163161 -1.509898
3.163460 -1.532318
3.163758 -1.523336
3.164055 -1.516027
3.164353 -1.533656
3.164650 -1.516327
3.164947 -1.501645
3.165244 -1.508186
3.165541 -1.535399
3.165838 -1.503347
3.166134 -1.508941
3.166430 -1.513905
3.166726 -1.550242
3.167022 -1.592868
3.167317 -1.594890
3.167613 -1.600647
3.167908 -1.601724
3.168203 -1.583239
3.168497 -1.606707
3.168792 -1.605292
3.169086 -1.603978
3.169380 -1.636017
3.169674 -1.591516
3.169968 -1.572803
3.170262 -1.602916
3.170555 -1.594440
3.170848 -1.604279
3.171141 -1.599438
3.171434 -1.622816
3.171726 -1.607652
3.172019 -1.594471
3.172311 -1.571678
3.172603 -1.549153
3.172895 -1.559606
3.173186 -1.543095
3.173478 -1.544806
3.173769 -1.545572
3.174060 -1.534537
3.174351 -1.556337
3.174641 -1.545458
3.174932 -1.545723
3.175222 -1.511266
3.175512 -1.524200
3.175802 -1.524373
3.176091 -1.552632
3.176381 -1.548241
3.176670 -1.535178
3.176959 -1.533073
3.177248 -1.507207
3.177536 -1.489922
3.177825 -1.506236
3.178113 -1.499747
3.178401 -1.497032
3.178689 -1.511602
3.178977 -1.539999
3.179264 -1.539655
3.179552 -1.563824
3.179839 -1.553208
3.180126 -1.538231
3.180413 -1.517569
3.180699 -1.509436
3.180986 -1.518895
3.181272 -1.513272
3.181558 -1.531112
3.181844 -1.539888
3.182129 -1.535980
3.182415 -1.521970
3.182700 -1.537153
3.182985 -1.512382
3.183270 -1.507281
3.183555 -1.527207
3.183839 -1.514786
3.184123 -1.486193
3.184407 -1.473135
3.184691 -1.484611
3.184975 -1.472734
3.185259 -1.483530
3.185542 -1.473030
3.185825 -1.453357
3.186108 -1.467515
3.186391 -1.473698
3.186674 -1.480183
3.186956 -1.477536
3.187239 -1.466749
3.187521 -1.478998
3.187803 -1.450855
3.188084 -1.432187
3.188366 -1.447136
3.188647 -1.457812
3.188928 -1.465217
3.189209 -1.495463
3.189490 -1.521645
3.189771 -1.550662
3.190051 -1.537822
3.190332 -1.537154
3.190612 -1.542467
3.190892 -1.571186
3.191171 -1.555212
3.191451 -1.591174
3.191730 -1.620262
3.192010 -1.632282
3.192289 -1.617057
3.192567 -1.603620
3.192846 -1.618777
3.193125 -1.612906
3.193403 -1.603972
3.193681 -1.596503
3.193959 -1.615380
3.194237 -1.662125
3.194514 -1.672282
3.194792 -1.687251
3.195069 -1.673352
3.195346 -1.647134
3.195623 -1.644089
3.195900 -1.628414
3.196176 -1.610812
3.196453 -1.623644
3.196729 -1.657115
3.197005 -1.655839
3.197281 -1.618056
3.197556 -1.603733
3.197832 -1.567467
3.198107 -1.562097
3.198382 -1.557874
3.198657 -1.547233
3.198932 -1.534661
3.199206 -1.524815
3.199481 -1.550187
3.199755 -1.570688
3.200029 -1.550386
3.200303 -1.562894
3.200577 -1.585630
3.200850 -1.575632
3.201124 -1.589016
3.201397 -1.603318
3.201670 -1.551150
3.201943 -1.571884
3.202216 -1.559666
3.202488 -1.550493
3.202761 -1.543184
3.203033 -1.534603
3.203305 -1.521917
3.203577 -1.503574
3.203848 -1.523871
3.204120 -1.513614
3.204391 -1.553993
3.204663 -1.586145
3.204934 -1.583938
3.205204 -1.593173
3.205475 -1.608483
3.205746 -1.616622
3.206016 -1.614843
3.206286 -1.638241
3.206556 -1.648227
3.206826 -1.636035
3.207096 -1.640251
3.207365 -1.624028
3.207634 -1.603048
3.207904 -1.623438
3.208173 -1.602257
3.208441 -1.635930
3.208710 -1.625323
3.208979 -1.625437
3.209247 -1.644539
3.209515 -1.615724
3.209783 -1.640295
3.210051 -1.628948
3.210319 -1.609339
3.210586 -1.634590
3.210853 -1.587601
3.211121 -1.607673
3.211388 -1.611165
3.211654 -1.592218
3.211921 -1.582349
3.212188 -1.582137
3.212454 -1.581429
3.212720 -1.580976
3.212986 -1.568210
3.213252 -1.578988
3.213518 -1.568355
3.213783 -1.569072
3.214049 -1.616792
3.214314 -1.621226
3.214579 -1.602525
3.214844 -1.581201
3.215109 -1.600765
3.215373 -1.569257
3.215638 -1.575516
3.215902 -1.576870
3.216166 -1.589519
3.216430 -1.556653
3.216694 -1.560799
3.216957 -1.535121
3.217221 -1.555942
3.217484 -1.583840
3.217747 -1.562708
3.218010 -1.564752
3.218273 -1.617690
3.218536 -1.644510
3.218798 -1.631484
3.219060 -1.588065
3.219323 -1.582981
3.219585 -1.610541
3.219846 -1.622629
3.220108 -1.602920
3.220370 -1.631774
3.220631 -1.633625
3.220892 -1.632564
3.221153 -1.637710
3.221414 -1.654569
3.221675 -1.622733
3.221936 -1.569802
3.222196 -1.612023
3.222456 -1.615903
3.222716 -1.614765
3.222976 -1.603354
3.223236 -1.630307
3.223496 -1.641452
3.223755 -1.638908
3.224015 -1.642661
3.224274 -1.614551
3.224533 -1.615185
3.224792 -1.588846
3.225051 -1.558274
3.225309 -1.525233
3.225568 -1.528577
3.225826 -1.518994
3.226084 -1.534332
3.226342 -1.545838
3.226600 -1.526396
3.226858 -1.558473
3.227115 -1.550749
3.227372 -1.550069
3.227630 -1.553949
3.227887 -1.563693
3.228144 -1.585168
3.228400 -1.558651
3.228657 -1.569148
3.228913 -1.569194
3.229170 -1.562385
3.229426 -1.561999
3.229682 -1.563248
3.229938 -1.551374
3.230193 -1.589587
3.230449 -1.576049
3.230704 -1.604969
3.230960 -1.606753
3.231215 -1.616001
3.231470 -1.633184
3.231724 -1.652642
3.231979 -1.661169
3.232234 -1.654953
3.232488 -1.626960
3.232742 -1.627091
3.232996 -1.601262
3.233250 -1.592464
3.233504 -1.609009
3.233757 -1.591864
3.234011 -1.603467
3.234264 -1.588267
3.234517 -1.589258
3.234770 -1.594304
3.235023 -1.575437
3.235276 -1.586921
3.235528 -1.572555
3.235781 -1.595198
3.236033 -1.615677
3.236285 -1.618182
3.236537 -1.641077
3.236789 -1.610082
3.237041 -1.601542
3.237292 -1.604876
3.237544 -1.603600
3.237795 -1.612720
3.238046 -1.611540
3.238297 -1.630049
3.238548 -1.659767
3.238799 -1.655472
3.239049 -1.674491
3.239299 -1.671022
3.239550 -1.679717
3.239800 -1.662758
3.240050 -1.636952
3.240300 -1.597537
3.240549 -1.588650
3.240799 -1.568321
3.241048 -1.568437
3.241297 -1.587424
3.241546 -1.587143
3.241795 -1.591119
3.242044 -1.568464
3.242293 -1.540667
3.242541 -1.560734
3.242790 -1.570317
3.243038 -1.570087
3.243286 -1.558448
3.243534 -1.558975
3.243782 -1.551824
3.244030 -1.530494
3.244277 -1.529161
3.244525 -1.549408
3.244772 -1.554513
3.245019 -1.559203
3.245266 -1.584444
3.245513 -1.591735
3.245759 -1.590772
3.246006 -1.607666
3.246252 -1.606258
3.246499 -1.598806
3.246745 -1.591053
3.246991 -1.587255
3.247237 -1.569382
3.247482 -1.574317
3.247728 -1.589710
3.247973 -1.573556
3.248219 -1.588435
3.248464 -1.575641
3.248709 -1.585598
3.248954 -1.564438
3.249198 -1.576410
3.249443 -1.595538
3.249687 -1.595282
3.249932 -1.570903
3.250176 -1.558928
3.250420 -1.592635
3.250664 -1.574695
3.250908 -1.593531
3.251151 -1.586053
3.251395 -1.593906
3.251638 -1.599979
3.251881 -1.588874
3.252125 -1.575787
3.252368 -1.602333
3.252610 -1.596242
3.252853 -1.594970
3.253096 -1.595676
3.253338 -1.608920
3.253580 -1.599739
3.253822 -1.590520
3.254064 -1.617933
3.254306 -1.605727
3.254548 -1.600466
3.254790 -1.582732
3.255031 -1.612613
3.255273 -1.619927
3.255514 -1.668915
3.255755 -1.666439
3.255996 -1.651856
3.256237 -1.662993
3.256477 -1.670265
3.256718 -1.675398
3.256958 -1.672564
3.257198 -1.686428
3.257439 -1.683397
3.257679 -1.668718
3.257918 -1.653390
3.258158 -1.661883
3.258398 -1.653035
3.258637 -1.645774
3.258877 -1.642076
3.259116 -1.633526
3.259355 -1.635628
3.259594 -1.638580
3.259833 -1.635087
3.260071 -1.624478
3.260310 -1.616710
3.260548 -1.625987
3.260787 -1.625643
3.261025 -1.616993
3.261263 -1.616773
3.261501 -1.636773
3.261739 -1.641212
3.261976 -1.645295
3.262214 -1.615711
3.262451 -1.658988
3.262688 -1.674404
3.262925 -1.645685
3.263162 -1.626293
3.263399 -1.628975
3.263636 -1.609468
3.263873 -1.613780
3.264109 -1.616177
3.264346 -1.628883
3.264582 -1.633369
3.264818 -1.608003
3.265054 -1.581977
3.265290 -1.590616
3.265525 -1.591308
3.265761 -1.578156
3.265996 -1.581728
3.266232 -1.589605
3.266467 -1.602339
3.266702 -1.602094
3.266937 -1.594787
3.267172 -1.618441
3.267406 -1.605646
3.267641 -1.588730
3.267875 -1.603367
3.268110 -1.638453
3.268344 -1.646084
3.268578 -1.625836
3.268812 -1.633941
3.269046 -1.623532
3.269279 -1.622863
3.269513 -1.618515
3.269746 -1.636749
3.269980 -1.645040
3.270213 -1.624406
3.270446 -1.659009
3.270679 -1.684353
3.270912 -1.711005
3.271144 -1.678633
3.271377 -1.687366
3.271609 -1.669218
3.271842 -1.667038
3.272074 -1.685945
3.272306 -1.672651
3.272538 -1.695258
3.272770 -1.704632
3.273001 -1.697600
3.273233 -1.674000
3.273464 -1.672849
3.273696 -1.665756
3.273927 -1.659604
3.274158 -1.649406
3.274389 -1.663361
3.274620 -1.673107
3.274850 -1.665731
3.275081 -1.676664
3.275311 -1.735362
3.275542 -1.757469
3.275772 -1.763711
3.276002 -1.774459
3.276232 -1.754274
3.276462 -1.740150
3.276692 -1.734824
3.276921 -1.725265
3.277151 -1.702656
3.277380 -1.712978
3.277609 -1.702027
3.277838 -1.713842
3.278067 -1.693525
3.278296 -1.691261
3.278525 -1.673439
3.278754 -1.655118
3.278982 -1.635914
3.279211 -1.612049
3.279439 -1.613451
3.279667 -1.639451
3.279895 -1.619740
3.280123 -1.632788
3.280351 -1.637119
3.280578 -1.632673
3.280806 -1.617171
3.281033 -1.628438
3.281261 -1.618597
3.281488 -1.624253
3.281715 -1.594209
3.281942 -1.609596
3.282169 -1.628053
3.282396 -1.607357
3.282622 -1.628651
3.282849 -1.626545
3.283075 -1.641976
3.283301 -1.643404
3.283527 -1.620779
3.283753 -1.624107
3.283979 -1.655179
3.284205 -1.672805
3.284431 -1.693145
3.284656 -1.662476
3.284882 -1.668138
3.285107 -1.667639
3.285332 -1.687127
3.285557 -1.701349
3.285782 -1.735360
3.286007 -1.711326
3.286232 -1.720378
3.286456 -1.716676
3.286681 -1.703037
3.286905 -1.681757
3.287130 -1.672140
3.287354 -1.679671
3.287578 -1.662593
3.287802 -1.659419
3.288026 -1.623402
3.288249 -1.658638
3.288473 -1.637954
3.288696 -1.600286
3.288920 -1.617653
3.289143 -1.614788
3.289366 -1.607061
3.289589 -1.635400
3.289812 -1.639092
3.290035 -1.609888
3.290257 -1.599428
3.290480 -1.602863
3.290702 -1.608991
3.290925 -1.608747
3.291147 -1.603099
3.291369 -1.607896
3.291591 -1.604762
3.291813 -1.618336
3.292034 -1.615423
3.292256 -1.600877
3.292478 -1.580832
3.292699 -1.576498
3.292920 -1.585541
3.293141 -1.593634
3.293363 -1.620035
3.293584 -1.638784
3.293804 -1.648786
3.294025 -1.671453
3.294246 -1.672937
3.294466 -1.663182
3.294687 -1.675031
3.294907 -1.672145
3.295127 -1.682742
3.295347 -1.661855
3.295567 -1.667357
3.295787 -1.655198
3.296007 -1.667382
3.296226 -1.655507
3.296446 -1.669652
3.296665 -1.658912
3.296884 -1.649851
3.297104 -1.643718
3.297323 -1.657496
3.297542 -1.640831
3.297761 -1.655125
3.297979 -1.629422
3.298198 -1.639490
3.298416 -1.603837
3.298635 -1.614714
3.298853 -1.641460
3.299071 -1.627878
3.299289 -1.626889
3.299507 -1.619573
3.299725 -1.624017
3.299943 -1.606326
3.300161 -1.588902
3.300378 -1.600727
3.300595 -1.598316
3.300813 -1.606960
3.301030 -1.613153
3.301247 -1.593092
3.301464 -1.610801
3.301681 -1.617370
3.301898 -1.627605
3.302114 -1.643892
3.302331 -1.640775
3.302547 -1.640768
3.302764 -1.646663
3.302980 -1.649363
3.303196 -1.658172
3.303412 -1.643705
3.303628 -1.644493
3.303844 -1.663980
3.304059 -1.671187
3.304275 -1.670192
3.304491 -1.667469
3.304706 -1.688490
3.304921 -1.696237
3.305136 -1.689934
3.305351 -1.695282
3.305566 -1.694914
3.305781 -1.685581
3.305996 -1.734084
3.306211 -1.737570
3.306425 -1.725981
3.306639 -1.749237
3.306854 -1.751666
3.307068 -1.758505
3.307282 -1.762163
3.307496 -1.769427
3.307710 -1.766432
3.307924 -1.768977
3.308137 -1.745192
3.308351 -1.743984
3.308564 -1.705911
3.308778 -1.674865
3.308991 -1.651301
3.309204 -1.643917
3.309417 -1.664683
3.309630 -1.657360
3.309843 -1.635507
3.310056 -1.625266
3.310268 -1.655095
3.310481 -1.672587
3.310693 -1.681087
3.310906 -1.655501
3.311118 -1.662521
3.311330 -1.683899
3.311542 -1.683017
3.311754 -1.696174
3.311966 -1.708410
3.312177 -1.687499
3.312389 -1.679696
3.312600 -1.672345
3.312812 -1.686740
3.313023 -1.696916
3.313234 -1.686659
3.313445 -1.654629
3.313656 -1.638128
3.313867 -1.639810
3.314078 -1.628433
3.314289 -1.617112
3.314499 -1.625440
3.314710 -1.609494
3.314920 -1.600339
3.315130 -1.615936
3.315340 -1.599694
3.315551 -1.563667
3.315760 -1.563722
3.315970 -1.573609
3.316180 -1.587844
3.316390 -1.607577
3.316599 -1.595316
3.316809 -1.584469
3.317018 -1.575980
3.317227 -1.578568
3.317436 -1.574721
3.317646 -1.563322
3.317854 -1.539058
3.318063 -1.530778
3.318272 -1.533025
3.318481 -1.533295
3.318689 -1.557571
3.318898 -1.565485
3.319106 -1.600569
3.319314 -1.624643
3.319522 -1.650390
3.319730 -1.638181
3.319938 -1.644101
3.320146 -1.651359
3.320354 -1.686654
3.320562 -1.713621
3.320769 -1.695030
3.320977 -1.716530
3.321184 -1.727797
3.321391 -1.725418
3.321598 -1.750155
3.321805 -1.766685
3.322012 -1.798349
3.322219 -1.801371
3.322426 -1.828331
3.322633 -1.840662
3.322839 -1.819031
3.323046 -1.793041
3.323252 -1.772651
3.323458 -1.784123
3.323665 -1.812919
3.323871 -1.841051
3.324077 -1.844499
3.324282 -1.840559
3.324488 -1.889526
3.324694 -1.905028
3.324899 -1.891643
3.325105 -1.907221
3.325310 -1.898195
3.325516 -1.873722
3.325721 -1.874271
3.325926 -1.886104
3.326131 -1.880235
3.326336 -1.866953
3.326541 -1.845756
3.326745 -1.836466
3.326950 -1.837955
3.327155 -1.840879
3.327359 -1.820315
3.327563 -1.836843
3.327767 -1.814193
3.327972 -1.791358
3.328176 -1.775807
3.328380 -1.752196
3.328583 -1.728389
3.328787 -1.760771
3.328991 -1.767385
3.329194 -1.742688
3.329398 -1.748743
3.329601 -1.777446
3.329805 -1.760790
3.330008 -1.759295
3.330211 -1.752849
3.330414 -1.746048
3.330617 -1.748268
3.330819 -1.758675
3.331022 -1.740610
3.331225 -1.762115
3.331427 -1.738324
3.331630 -1.764192
3.331832 -1.751515
3.332034 -1.774539
3.332236 -1.784713
3.332438 -1.784117
3.332640 -1.797614
3.332842 -1.810669
3.333044 -1.813781
3.333246 -1.832493
3.333447 -1.834549
3.333649 -1.798354
3.333850 -1.776640
3.334051 -1.790393
3.334253 -1.808100
3.334454 -1.795428
3.334655 -1.798619
3.334856 -1.802816
3.335057 -1.816492
3.335257 -1.835756
3.335458 -1.819086
3.335658 -1.825181
3.335859 -1.822986
3.336059 -1.821121
3.336260 -1.813322
3.336460 -1.837057
3.336660 -1.824309
3.336860 -1.786795
3.337060 -1.771513
3.337260 -1.718886
3.337459 -1.694550
3.337659 -1.691507
3.337858 -1.668748
3.338058 -1.652938
3.338257 -1.644611
3.338456 -1.632013
3.338656 -1.639718
3.338855 -1.640539
3.339054 -1.650137
3.339253 -1.649464
3.339451 -1.646080
3.339650 -1.650719
3.339849 -1.651393
3.340047 -1.629412
3.340246 -1.628754
3.340444 -1.636388
3.340642 -1.634752
3.340841 -1.640384
3.341039 -1.642710
3.341237 -1.633817
3.341435 -1.624300
3.341632 -1.642218
3.341830 -1.639647
3.342028 -1.629998
3.342225 -1.638580
3.342423 -1.646585
3.342620 -1.639399
3.342817 -1.653182
3.343014 -1.668397
3.343212 -1.657745
3.343409 -1.656529
3.343606 -1.627522
3.343802 -1.628254
3.343999 -1.641986
3.344196 -1.639379
3.344392 -1.654298
3.344589 -1.679721
3.344785 -1.676918
3.344981 -1.695322
3.345178 -1.686794
3.345374 -1.693178
3.345570 -1.703846
3.345766 -1.687938
3.345962 -1.675576
3.346157 -1.681666
3.346353 -1.707077
3.346549 -1.694609
3.346744 -1.676476
3.346939 -1.673789
3.347135 -1.676411
3.347330 -1.713170
3.347525 -1.708070
3.347720 -1.699005
3.347915 -1.719830
3.348110 -1.734582
3.348305 -1.744656
3.348500 -1.781875
3.348694 -1.784441
3.348889 -1.800255
3.349083 -1.795704
3.349278 -1.770466
3.349472 -1.776815
3.349666 -1.790060
3.349860 -1.800220
3.350054 -1.785283
3.350248 -1.781582
3.350442 -1.798710
3.350636 -1.807416
3.350829 -1.787860
3.351023 -1.799849
3.351216 -1.821882
3.351410 -1.834084
3.351603 -1.836903
3.351796 -1.815315
3.351989 -1.809537
3.352183 -1.787162
3.352375 -1.785473
3.352568 -1.789724
3.352761 -1.803392
3.352954 -1.803885
3.353147 -1.796163
3.353339 -1.766705
3.353532 -1.764303
3.353724 -1.778645
3.353916 -1.778035
3.354108 -1.779085
3.354301 -1.794240
3.354493 -1.783229
3.354685 -1.780830
3.354876 -1.757886
3.355068 -1.765231
3.355260 -1.772131
3.355452 -1.777396
3.355643 -1.774357
3.355834 -1.779850
3.356026 -1.794591
3.356217 -1.792281
3.356408 -1.785760
3.356599 -1.771864
3.356790 -1.778840
3.356981 -1.767520
3.357172 -1.756484
3.357363 -1.761743
3.357554 -1.748700
3.357744 -1.745391
3.357935 -1.723082
3.358125 -1.715001
3.358316 -1.745221
3.358506 -1.726239
3.358696 -1.726110
3.358886 -1.725614
3.359076 -1.717606
3.359266 -1.709926
3.359456 -1.694734
3.359646 -1.722893
3.359835 -1.735354
3.360025 -1.749799
3.360215 -1.746356
3.360404 -1.750677
3.360593 -1.739580
3.360783 -1.743091
3.360972 -1.730997
3.361161 -1.704228
3.361350 -1.684729
3.361539 -1.694009
3.361728 -1.677213
3.361917 -1.666114
3.362105 -1.667775
3.362294 -1.676677
3.362482 -1.679980
3.362671 -1.681598
3.362859 -1.663910
3.363048 -1.665104
3.363236 -1.718764
3.363424 -1.710866
3.363612 -1.696484
3.363800 -1.681367
3.363988 -1.688105
3.364176 -1.667354
3.364363 -1.693557
3.364551 -1.719730
3.364739 -1.731985
3.364926 -1.728017
3.365113 -1.724781
3.365301 -1.736041
3.365488 -1.732706
3.365675 -1.747686
3.365862 -1.762556
3.366049 -1.768366
3.366236 -1.772206
3.366423 -1.784572
3.366610 -1.785331
3.366796 -1.782404
3.366983 -1.773128
3.367169 -1.761682
3.367356 -1.777348
3.367542 -1.759603
3.367729 -1.755641
3.367915 -1.728725
3.368101 -1.708408
3.368287 -1.705053
3.368473 -1.676298
3.368659 -1.675563
3.368845 -1.679312
3.369030 -1.664008
3.369216 -1.697575
3.369401 -1.712275
3.369587 -1.717803
3.369772 -1.726313
3.369958 -1.722843
3.370143 -1.728329
3.370328 -1.749830
3.370513 -1.766985
3.370698 -1.806112
3.370883 -1.805589
3.371068 -1.787963
3.371253 -1.770602
3.371437 -1.776093
3.371622 -1.773625
3.371806 -1.773833
3.371991 -1.767254
3.372175 -1.727038
3.372360 -1.728072
3.372544 -1.733118
3.372728 -1.714595
3.372912 -1.710855
3.373096 -1.705825
3.373280 -1.702715
3.373464 -1.700583
3.373647 -1.697482
3.373831 -1.683490
3.374015 -1.681374
3.374198 -1.700929
3.374382 -1.697404
3.374565 -1.688270
3.374748 -1.687796
3.374932 -1.668539
3.375115 -1.659357
3.375298 -1.669209
3.375481 -1.681613
3.375664 -1.679529
3.375846 -1.665543
3.376029 -1.639144
3.376212 -1.632014
3.376394 -1.642678
3.376577 -1.642733
3.376759 -1.630201
3.376942 -1.645455
3.377124 -1.657228
3.377306 -1.674590
3.377488 -1.683400
3.377670 -1.678082
3.377852 -1.682433
3.378034 -1.687477
3.378216 -1.682277
3.378398 -1.682276
3.378580 -1.701375
3.378761 -1.690749
3.378943 -1.685970
3.379124 -1.661348
3.379306 -1.648743
3.379487 -1.650497
3.379668 -1.629451
3.379849 -1.643017
3.380030 -1.663900
3.380211 -1.645460
3.380392 -1.651457
3.380573 -1.648549
3.380754 -1.671631
3.380934 -1.670933
3.381115 -1.677897
3.381296 -1.681072
3.381476 -1.659228
3.381656 -1.671694
3.381837 -1.705341
3.382017 -1.718269
3.382197 -1.725213
3.382377 -1.732390
3.382557 -1.739557
3.382737 -1.752851
3.382917 -1.737923
3.383097 -1.754335
3.383277 -1.769178
3.383456 -1.771557
3.383636 -1.745241
3.383815 -1.777378
3.383995 -1.758029
3.384174 -1.753394
3.384353 -1.751290
3.384533 -1.751471
3.384712 -1.745162
3.384891 -1.739519
3.385070 -1.754293
3.385249 -1.755974
3.385428 -1.759850
3.385606 -1.740420
3.385785 -1.774517
3.385964 -1.809229
3.386142 -1.815546
3.386321 -1.834433
3.386499 -1.853274
3.386677 -1.870421
3.386856 -1.873816
3.387034 -1.862183
3.387212 -1.869785
3.387390 -1.874512
3.387568 -1.887840
3.387746 -1.865877
3.387923 -1.871332
3.388101 -1.848556
3.388279 -1.828798
3.388456 -1.849976
3.388634 -1.860147
3.388811 -1.861578
3.388989 -1.880722
3.389166 -1.905680
3.389343 -1.938854
3.389520 -1.925211
3.389698 -1.907990
3.389875 -1.873308
3.390051 -1.873433
3.390228 -1.859688
3.390405 -1.864702
3.390582 -1.862737
3.390759 -1.855306
3.390935 -1.877340
3.391112 -1.900229
3.391288 -1.894643
3.391464 -1.896451
3.391641 -1.881875
3.391817 -1.882449
3.391993 -1.869054
3.392169 -1.917885
3.392345 -1.916516
3.392521 -1.925168
3.392697 -1.929641
3.392873 -1.963413
3.393048 -1.963358
3.393224 -1.946292
3.393400 -1.967786
3.393575 -1.933748
3.393751 -1.930308
3.393926 -1.903782
3.394101 -1.888615
3.394277 -1.907784
3.394452 -1.929686
3.394627 -1.942119
3.394802 -1.933279
3.394977 -1.923493
3.395152 -1.907249
3.395326 -1.876605
3.395501 -1.867149
3.395676 -1.853647
3.395850 -1.828334
3.396025 -1.795779
3.396199 -1.826984
3.396374 -1.825845
3.396548 -1.823252
3.396722 -1.812273
3.396896 -1.794300
3.397071 -1.791862
3.397245 -1.760110
3.397419 -1.756147
3.397592 -1.740311
3.397766 -1.733462
3.397940 -1.706817
3.398114 -1.678991
3.398287 -1.677717
3.398461 -1.675370
3.398634 -1.685836
3.398808 -1.689371
3.398981 -1.680091
3.399154 -1.685984
3.399328 -1.700066
3.399501 -1.702708
3.399674 -1.702969
3.399847 -1.699267
3.400020 -1.685248
3.400192 -1.694279
3.400365 -1.682288
3.400538 -1.674487
3.400711 -1.693726
3.400883 -1.696191
3.401056 -1.670450
3.401228 -1.658589
3.401401 -1.641692
3.401573 -1.649772
3.401745 -1.660031
3.401917 -1.643739
3.402089 -1.633053
3.402261 -1.642846
3.402433 -1.642450
3.402605 -1.655520
3.402777 -1.667974
3.402949 -1.691931
3.403121 -1.693219
3.403292 -1.687800
3.403464 -1.693295
3.403635 -1.686229
3.403807 -1.675111
3.403978 -1.701622
3.404149 -1.725049
3.404320 -1.721964
3.404492 -1.709398
3.404663 -1.742817
3.404834 -1.750317
3.405005 -1.758956
3.405176 -1.749293
3.405346 -1.745085
3.405517 -1.755191
3.405688 -1.742582
3.405858 -1.740125
3.406029 -1.762639
3.406199 -1.779290
3.406370 -1.797506
3.406540 -1.790969
3.406710 -1.785385
3.406881 -1.795357
3.407051 -1.799690
3.407221 -1.792563
3.407391 -1.810487
3.407561 -1.815817
3.407731 -1.811681
3.407901 -1.838646
3.408070 -1.828326
3.408240 -1.837177
3.408410 -1.809898
3.408579 -1.829223
3.408749 -1.840553
3.408918 -1.843081
3.409087 -1.830413
3.409257 -1.821985
3.409426 -1.810391
3.409595 -1.829012
3.409764 -1.815486
3.409933 -1.811892
3.410102 -1.813557
3.410271 -1.818587
3.410440 -1.847699
3.410609 -1.828610
3.410777 -1.842468
3.410946 -1.859674
3.411114 -1.868996
3.411283 -1.885007
3.411451 -1.903988
3.411620 -1.892184
3.411788 -1.895604
3.411956 -1.921395
3.412124 -1.910490
3.412293 -1.891291
3.412461 -1.866648
3.412629 -1.859722
3.412796 -1.840529
3.412964 -1.849400
3.413132 -1.853721
3.413300 -1.872585
3.413467 -1.886190
3.413635 -1.878545
3.413803 -1.906163
3.413970 -1.908419
3.414137 -1.893546
3.414305 -1.894333
3.414472 -1.901335
3.414639 -1.927449
3.414806 -1.897390
3.414973 -1.885947
3.415140 -1.908561
3.415307 -1.890821
3.415474 -1.880813
3.415641 -1.897911
3.415808 -1.891223
3.415974 -1.912009
3.416141 -1.885935
3.416308 -1.864617
3.416474 -1.869038
3.416641 -1.852911
3.416807 -1.867583
3.416973 -1.861457
3.417139 -1.858518
3.417306 -1.851740
3.417472 -1.840671
3.417638 -1.836475
3.417804 -1.856411
3.417970 -1.849765
3.418135 -1.839996
3.418301 -1.836576
3.418467 -1.850611
3.418633 -1.849604
3.418798 -1.855228
3.418964 -1.855779
3.419129 -1.862545
3.419295 -1.873017
3.419460 -1.872824
3.419625 -1.855647
3.419791 -1.858726
3.419956 -1.846599
3.420121 -1.847104
3.420286 -1.839235
3.420451 -1.835156
3.420616 -1.834589
3.420781 -1.826744
3.420945 -1.833264
3.421110 -1.865647
3.421275 -1.871021
3.421439 -1.873538
3.421604 -1.887379
3.421768 -1.873081
3.421933 -1.855528
3.422097 -1.869515
3.422261 -1.882820
3.422426 -1.871541
3.422590 -1.863624
3.422754 -1.834556
3.422918 -1.855479
3.423082 -1.860763
3.423246 -1.891298
3.423410 -1.856693
3.423574 -1.859180
3.423737 -1.885683
3.423901 -1.892707
3.424065 -1.885213
3.424228 -1.901403
3.424392 -1.865634
3.424555 -1.863509
3.424718 -1.861246
3.424882 -1.855265
3.425045 -1.841699
3.425208 -1.861999
3.425371 -1.879106
3.425534 -1.875043
3.425697 -1.886805
3.425860 -1.892880
3.426023 -1.897840
3.426186 -1.871532
3.426349 -1.885077
3.426511 -1.914680
3.426674 -1.914923
3.426836 -1.961781
3.426999 -1.972379
3.427161 -1.948534
3.427324 -1.911334
3.427486 -1.934485
3.427648 -1.918736
3.427811 -1.918798
3.427973 -1.913218
3.428135 -1.906751
3.428297 -1.890558
3.428459 -1.899689
3.428621 -1.874300
3.428783 -1.867621
3.428944 -1.851590
3.429106 -1.847335
3.429268 -1.855807
3.429429 -1.860141
3.429591 -1.873609
3.429752 -1.851624
3.429914 -1.838645
3.430075 -1.824529
3.430236 -1.836160
3.430398 -1.841582
3.430559 -1.830851
3.430720 -1.790660
3.430881 -1.827652
3.431042 -1.832820
3.431203 -1.824270
3.431364 -1.826724
3.431525 -1.836129
3.431685 -1.877095
3.431846 -1.888736
3.432007 -1.860326
3.432167 -1.873502
3.432328 -1.885436
3.432488 -1.875889
3.432649 -1.876543
3.432809 -1.876078
3.432969 -1.897380
3.433130 -1.901270
3.433290 -1.921345
3.433450 -1.889022
3.433610 -1.874859
3.433770 -1.871933
3.433930 -1.852523
3.434090 -1.836315
3.434249 -1.850497
3.434409 -1.813991
3.434569 -1.815710
3.434729 -1.804350
3.434888 -1.803785
3.435048 -1.801241
3.435207 -1.809707
3.435367 -1.812992
3.435526 -1.810283
3.435685 -1.800247
3.435844 -1.788615
3.436004 -1.771495
3.436163 -1.738808
3.436322 -1.729432
3.436481 -1.738985
3.436640 -1.740627
3.436799 -1.756572
3.436957 -1.748867
3.437116 -1.733569
3.437275 -1.747675
3.437433 -1.766501
3.437592 -1.783891
3.437751 -1.784796
3.437909 -1.801552
3.438067 -1.782389
3.438226 -1.778916
3.438384 -1.792103
3.438542 -1.793837
3.438701 -1.817600
3.438859 -1.799523
3.439017 -1.794043
3.439175 -1.777906
3.439333 -1.791225
3.439491 -1.796085
3.439648 -1.785261
3.439806 -1.804518
3.439964 -1.821437
3.440122 -1.826783
3.440279 -1.816732
3.440437 -1.812321
3.440594 -1.822778
3.440752 -1.850427
3.440909 -1.847419
3.441066 -1.855201
3.441224 -1.867791
3.441381 -1.844613
3.441538 -1.825385
3.441695 -1.836180
3.441852 -1.837638
3.442009 -1.824265
3.442166 -1.827303
3.442323 -1.848276
3.442480 -1.852879
3.442637 -1.852253
3.442793 -1.822394
3.442950 -1.823066
3.443106 -1.833692
3.443263 -1.833080
3.443419 -1.810108
3.443576 -1.787065
3.443732 -1.759476
3.443889 -1.761964
3.444045 -1.767913
3.444201 -1.771726
3.444357 -1.754486
3.444513 -1.762520
3.444669 -1.730873
3.444825 -1.726387
3.444981 -1.741223
3.445137 -1.724708
3.445293 -1.730814
3.445449 -1.745297
3.445604 -1.734372
3.445760 -1.735915
3.445915 -1.745283
3.446071 -1.739094
3.446226 -1.731176
3.446382 -1.715367
3.446537 -1.716215
3.446692 -1.711393
3.446848 -1.704672
3.447003 -1.696852
3.447158 -1.688333
3.447313 -1.684841
3.447468 -1.685245
3.447623 -1.682468
3.447778 -1.684505
3.447933 -1.683314
3.448088 -1.704348
3.448242 -1.687717
3.448397 -1.667755
3.448552 -1.673578
3.448706 -1.670701
3.448861 -1.651963
3.449015 -1.658671
3.449170 -1.644264
3.449324 -1.651624
3.449478 -1.665235
3.449633 -1.685899
3.449787 -1.686884
3.449941 -1.693399
3.450095 -1.709916
3.450249 -1.710518
3.450403 -1.722129
3.450557 -1.728590
3.450711 -1.747514
3.450865 -1.761996
3.451018 -1.753293
3.451172 -1.750812
3.451326 -1.748406
3.451479 -1.751819
3.451633 -1.760672
3.451786 -1.774083
3.451940 -1.785754
3.452093 -1.770521
3.452247 -1.775022
3.452400 -1.774402
3.452553 -1.769841
3.452706 -1.777711
3.452859 -1.773671
3.453012 -1.775331
3.453165 -1.786886
3.453318 -1.787784
3.453471 -1.798210
3.453624 -1.820443
3.453777 -1.825638
3.453930 -1.821769
3.454082 -1.818058
3.454235 -1.814265
3.454387 -1.810982
3.454540 -1.810809
3.454692 -1.782951
3.454845 -1.784110
3.454997 -1.770897
3.455150 -1.779005
3.455302 -1.792739
3.455454 -1.778704
3.455606 -1.788599
3.455758 -1.808137
3.455910 -1.809894
3.456062 -1.802270
3.456214 -1.813744
3.456366 -1.824681
3.456518 -1.834235
3.456670 -1.830736
3.456821 -1.839064
3.456973 -1.867061
3.457125 -1.865486
3.457276 -1.890866
3.457428 -1.892820
3.457579 -1.888952
3.457731 -1.908425
3.457882 -1.911986
3.458033 -1.913645
3.458184 -1.902155
3.458336 -1.903401
3.458487 -1.887740
3.458638 -1.882915
3.458789 -1.863219
3.458940 -1.867994
3.459091 -1.865278
3.459242 -1.866723
3.459392 -1.836393
3.459543 -1.845583
3.459694 -1.839524
3.459845 -1.843922
3.459995 -1.855263
3.460146 -1.872517
3.460296 -1.890671
3.460447 -1.894944
3.460597 -1.889338
3.460748 -1.882260
3.460898 -1.889667
3.461048 -1.885086
3.461198 -1.877733
3.461348 -1.858464
3.461499 -1.857784
3.461649 -1.848688
3.461799 -1.834874
3.461948 -1.825065
3.462098 -1.812725
3.462248 -1.820311
3.462398 -1.789356
3.462548 -1.771376
3.462697 -1.772036
3.462847 -1.749833
3.462997 -1.758358
3.463146 -1.770447
3.463296 -1.749487
3.463445 -1.778921
3.463594 -1.775119
3.463744 -1.762356
3.463893 -1.753911
3.464042 -1.760036
3.464191 -1.751894
3.464340 -1.769827
3.464490 -1.754048
3.464639 -1.757693
3.464788 -1.753515
3.464936 -1.737194
3.465085 -1.751905
3.465234 -1.764795
3.465383 -1.780981
3.465532 -1.776432
3.465680 -1.779724
3.465829 -1.789807
3.465977 -1.776607
3.466126 -1.762668
3.466274 -1.792262
3.466423 -1.790469
3.466571 -1.797439
3.466719 -1.795896
3.466868 -1.775860
3.467016 -1.796876
3.467164 -1.821735
3.467312 -1.841175
3.467460 -1.856780
3.467608 -1.855268
3.467756 -1.860361
3.467904 -1.886804
3.468052 -1.883382
3.468200 -1.875170
3.468347 -1.880357
3.468495 -1.870843
3.468643 -1.864843
3.468790 -1.853491
3.468938 -1.865509
3.469085 -1.853386
3.469233 -1.859167
3.469380 -1.877439
3.469527 -1.877644
3.469675 -1.856877
3.469822 -1.843172
3.469969 -1.850541
3.470116 -1.853192
3.470263 -1.854658
3.470410 -1.876610
3.470557 -1.859423
3.470704 -1.851816
3.470851 -1.839830
3.470998 -1.836779
3.471145 -1.856382
3.471292 -1.866559
3.471438 -1.836453
3.471585 -1.863022
3.471732 -1.863186
3.471878 -1.862225
3.472025 -1.847658
3.472171 -1.837544
3.472318 -1.859130
3.472464 -1.865359
3.472610 -1.844054
3.472756 -1.827017
3.472903 -1.816032
3.473049 -1.811899
3.473195 -1.808562
3.473341 -1.800000
3.473487 -1.804234
3.473633 -1.808846
3.473779 -1.832974
3.473925 -1.826891
3.474071 -1.837155
3.474216 -1.841491
3.474362 -1.861365
3.474508 -1.842515
3.474653 -1.836132
3.474799 -1.847118
3.474944 -1.840843
3.475090 -1.841006
3.475235 -1.832101
3.475381 -1.842748
3.475526 -1.849950
3.475671 -1.836589
3.475816 -1.829036
3.475962 -1.814263
3.476107 -1.805755
3.476252 -1.805817
3.476397 -1.822962
3.476542 -1.823730
3.476687 -1.819088
3.476832 -1.818418
3.476976 -1.835142
3.477121 -1.836198
3.477266 -1.815406
3.477411 -1.811607
3.477555 -1.810621
3.477700 -1.820853
3.477844 -1.809267
3.477989 -1.835627
3.478133 -1.846788
3.478278 -1.834824
3.478422 -1.812882
3.478566 -1.811524
3.478711 -1.840607
3.478855 -1.843545
3.478999 -1.839950
3.479143 -1.857531
3.479287 -1.888793
3.479431 -1.895682
3.479575 -1.893193
3.479719 -1.907658
3.479863 -1.908028
3.480007 -1.919491
3.480151 -1.940450
3.480294 -1.922227
3.480438 -1.951201
3.480582 -1.955967
3.480725 -1.960728
3.480869 -1.933806
3.481012 -1.932791
3.481156 -1.944921
3.481299 -1.935125
3.481443 -1.948918
3.481586 -1.930766
3.481729 -1.946480
3.481872 -1.957042
3.482016 -1.981432
3.482159 -1.991859
3.482302 -1.996130
3.482445 -2.006757
3.482588 -2.034336
3.482731 -2.033802
3.482874 -2.020976
3.483016 -2.026417
3.483159 -1.992029
3.483302 -1.993291
3.483445 -2.007248
3.483587 -2.027958
3.483730 -2.057095
3.483872 -2.044586
3.484015 -2.064332
3.484157 -2.049303
3.484300 -2.054757
3.484442 -2.079622
3.484585 -2.073717
3.484727 -2.050079
3.484869 -2.053650
3.485011 -2.029392
3.485153 -2.018070
3.485295 -2.006963
3.485437 -1.984748
3.485579 -1.994832
3.485721 -2.003495
3.485863 -1.998830
3.486005 -1.995748
3.486147 -1.986004
3.486289 -1.982571
3.486430 -2.017767
3.486572 -2.004155
3.486714 -1.993911
3.486855 -1.976508
3.486997 -1.970590
3.487138 -1.982623
3.487280 -2.007499
3.487421 -2.011304
3.487563 -2.010122
3.487704 -2.008393
3.487845 -2.024713
3.487986 -1.997140
3.488127 -2.020350
3.488269 -1.999677
3.488410 -1.988755
3.488551 -2.005422
3.488692 -2.000013
3.488833 -1.978328
3.488974 -1.962167
3.489114 -1.941764
3.489255 -1.933613
3.489396 -1.932661
3.489537 -1.942013
3.489677 -1.959597
3.489818 -1.967661
3.489958 -1.975249
3.490099 -1.971552
3.490239 -1.983081
3.490380 -2.028301
3.490520 -2.029234
3.490661 -2.048774
3.490801 -2.074467
3.490941 -2.069837
3.491081 -2.065083
3.491222 -2.075682
3.491362 -2.087026
3.491502 -2.069833
3.491642 -2.035217
3.491782 -2.029818
3.491922 -2.031342
3.492062 -2.029819
3.492201 -2.007514
3.492341 -2.030576
3.492481 -2.011983
3.492621 -2.021912
3.492760 -1.997696
3.492900 -1.999915
3.493040 -2.022079
3.493179 -2.002317
3.493319 -1.972759
3.493458 -1.976720
3.493597 -1.983765
3.493737 -2.017931
3.493876 -2.029180
3.494015 -2.011809
3.494155 -2.005422
3.494294 -2.016627
3.494433 -2.030352
3.494572 -2.017375
3.494711 -2.020347
3.494850 -2.049961
3.494989 -2.060115
3.495128 -2.084884
3.495267 -2.096181
3.495406 -2.090504
3.495544 -2.112672
3.495683 -2.113671
3.495822 -2.119877
3.495960 -2.107355
3.496099 -2.081538
3.496238 -2.081265
3.496376 -2.072205
3.496515 -2.070820
3.496653 -2.104420
3.496791 -2.072278
3.496930 -2.053262
3.497068 -2.069159
3.497206 -2.050712
3.497344 -2.065179
3.497483 -2.070505
3.497621 -2.066909
3.497759 -2.072985
3.497897 -2.084918
3.498035 -2.042399
3.498173 -2.031336
3.498311 -2.027696
3.498448 -2.055127
3.498586 -2.056425
3.498724 -2.045451
3.498862 -2.014938
3.498999 -1.987064
3.499137 -1.977523
3.499275 -1.966864
3.499412 -1.957392
3.499550 -1.942311
3.499687 -1.963346
3.499824 -1.950943
3.499962 -1.932118
3.500099 -1.930880
3.500236 -1.931246
3.500374 -1.923356
3.500511 -1.937915
3.500648 -1.932013
3.500785 -1.923949
3.500922 -1.891492
3.501059 -1.875838
3.501196 -1.888980
3.501333 -1.879065
3.501470 -1.905732
3.501607 -1.893158
3.501744 -1.902760
3.501880 -1.896310
3.502017 -1.891542
3.502154 -1.884430
3.502291 -1.875673
3.502427 -1.881110
3.502564 -1.843048
3.502700 -1.837463
3.502837 -1.829945
3.502973 -1.848755
3.503109 -1.837347
3.503246 -1.823502
3.503382 -1.816013
3.503518 -1.794770
3.503655 -1.782813
3.503791 -1.772817
3.503927 -1.787634
3.504063 -1.776628
3.504199 -1.787449
3.504335 -1.786582
3.504471 -1.791420
3.504607 -1.768805
3.504743 -1.785290
3.504878 -1.806826
3.505014 -1.805866
3.505150 -1.803224
3.505286 -1.787768
3.505421 -1.801462
3.505557 -1.790779
3.505693 -1.800620
3.505828 -1.811536
3.505964 -1.827059
3.506099 -1.835667
3.506234 -1.829092
3.506370 -1.824758
3.506505 -1.800571
3.506640 -1.818642
3.506776 -1.821598
3.506911 -1.806091
3.507046 -1.789549
3.507181 -1.781120
3.507316 -1.804863
3.507451 -1.803528
3.507586 -1.813015
3.507721 -1.827073
3.507856 -1.832152
3.507991 -1.858719
3.508126 -1.869699
3.508260 -1.875083
3.508395 -1.862551
3.508530 -1.850977
3.508664 -1.847489
3.508799 -1.859998
3.508934 -1.866661
3.509068 -1.873506
3.509203 -1.839449
3.509337 -1.859333
3.509471 -1.853145
3.509606 -1.849089
3.509740 -1.834583
3.509874 -1.841303
3.510009 -1.852544
3.510143 -1.856242
3.510277 -1.874424
3.510411 -1.862403
3.510545 -1.853589
3.510679 -1.855177
3.510813 -1.877740
3.510947 -1.861367
3.511081 -1.870902
3.511215 -1.872635
3.511349 -1.877980
3.511482 -1.877030
3.511616 -1.863366
3.511750 -1.841052
3.511883 -1.829558
3.512017 -1.840183
3.512151 -1.839475
3.512284 -1.818735
3.512418 -1.832304
3.512551 -1.864617
3.512684 -1.855673
3.512818 -1.846703
3.512951 -1.863836
3.513084 -1.866061
3.513218 -1.867765
3.513351 -1.874159
3.513484 -1.869425
3.513617 -1.867872
3.513750 -1.870980
3.513883 -1.887503
3.514016 -1.888929
3.514149 -1.885887
3.514282 -1.901700
3.514415 -1.886839
3.514548 -1.876193
3.514681 -1.870169
3.514813 -1.885926
3.514946 -1.912059
3.515079 -1.950028
3.515211 -1.952614
3.515344 -1.948090
3.515476 -1.959521
3.515609 -1.959967
3.515741 -1.945926
3.515874 -1.947438
3.516006 -1.967160
3.516139 -1.959623
3.516271 -1.949893
3.516403 -1.937582
3.516535 -1.940224
3.516668 -1.935982
3.516800 -1.927669
3.516932 -1.923419
3.517064 -1.934850
3.517196 -1.939249
3.517328 -1.950915
3.517460 -1.970566
3.517592 -1.964411
3.517724 -1.974752
3.517855 -1.973784
3.517987 -1.951138
3.518119 -1.924195
3.518251 -1.902882
3.518382 -1.914957
3.518514 -1.917675
3.518646 -1.915764
3.518777 -1.900150
3.518909 -1.933151
3.519040 -1.925248
3.519171 -1.944430
3.519303 -1.933056
3.519434 -1.914414
3.519566 -1.935772
3.519697 -1.941810
3.519828 -1.945243
3.519959 -1.936306
3.520090 -1.953204
3.520221 -1.934076
3.520353 -1.949476
3.520484 -1.951538
3.520615 -1.955276
3.520745 -1.956793
3.520876 -1.939895
3.521007 -1.924419
3.521138 -1.916382
3.521269 -1.909436
3.521400 -1.955443
3.521530 -1.970865
3.521661 -1.977867
3.521792 -1.961247
3.521922 -1.964536
3.522053 -1.947487
3.522183 -1.953689
3.522314 -1.971482
3.522444 -1.977674
3.522575 -1.973346
3.522705 -1.946726
3.522835 -1.927330
3.522966 -1.914663
3.523096 -1.907398
3.523226 -1.918189
3.523356 -1.918893
3.523486 -1.921539
3.523616 -1.926325
3.523746 -1.935321
3.523876 -1.934111
3.524006 -1.917935
3.524136 -1.927689
3.524266 -1.918907
3.524396 -1.931099
3.524526 -1.916989
3.524656 -1.918934
3.524785 -1.919063
3.524915 -1.898727
3.525045 -1.899363
3.525174 -1.904336
3.525304 -1.896357
3.525434 -1.895657
3.525563 -1.892025
3.525693 -1.895206
3.525822 -1.900399
3.525951 -1.901048
3.526081 -1.867927
3.526210 -1.846964
3.526339 -1.817558
3.526469 -1.800120
3.526598 -1.790685
3.526727 -1.782338
3.526856 -1.784818
3.526985 -1.790182
3.527114 -1.788073
3.527243 -1.796239
3.527372 -1.808953
3.527501 -1.811573
3.527630 -1.798706
3.527759 -1.809952
3.527888 -1.814392
3.528016 -1.806845
3.528145 -1.807939
3.528274 -1.797044
3.528402 -1.801108
3.528531 -1.808285
3.528660 -1.816408
3.528788 -1.835845
3.528917 -1.829010
3.529045 -1.832438
3.529174 -1.844987
3.529302 -1.820967
3.529430 -1.808893
3.529559 -1.817345
3.529687 -1.815435
3.529815 -1.794392
3.529943 -1.790897
3.530072 -1.780090
3.530200 -1.782693
3.530328 -1.781062
3.530456 -1.794841
3.530584 -1.800923
3.530712 -1.814100
3.530840 -1.797668
3.530968 -1.791227
3.531096 -1.801939
3.531223 -1.824210
3.531351 -1.805067
3.531479 -1.801031
3.531607 -1.797141
3.531734 -1.809133
3.531862 -1.820511
3.531990 -1.833859
3.532117 -1.843155
3.532245 -1.841053
3.532372 -1.843683
3.532500 -1.845207
3.532627 -1.845228
3.532754 -1.859696
3.532882 -1.861930
3.533009 -1.854889
3.533136 -1.848651
3.533264 -1.838646
3.533391 -1.842801
3.533518 -1.814031
3.533645 -1.834913
3.533772 -1.844157
3.533899 -1.841499
3.534026 -1.835001
3.534153 -1.840505
3.534280 -1.840430
3.534407 -1.851488
3.534534 -1.855684
3.534661 -1.845565
3.534787 -1.862435
3.534914 -1.886404
3.535041 -1.888026
3.535167 -1.891984
3.535294 -1.881583
3.535421 -1.883537
3.535547 -1.880761
3.535674 -1.902007
3.535800 -1.907654
3.535927 -1.919484
3.536053 -1.931669
3.536180 -1.953647
3.536306 -1.945318
3.536432 -1.928725
3.536558 -1.937861
3.536685 -1.944968
3.536811 -1.970488
3.536937 -1.979799
3.537063 -1.996819
3.537189 -1.988601
3.537315 -1.966273
3.537441 -1.980207
3.537567 -1.989471
3.537693 -1.981763
3.537819 -1.968496
3.537945 -1.979589
3.538071 -1.993794
3.538197 -1.990211
3.538322 -1.999869
3.538448 -2.004839
3.538574 -2.003924
3.538699 -2.014290
3.538825 -2.006291
3.538951 -1.990945
3.539076 -2.001608
3.539202 -2.013921
3.539327 -2.033021
3.539452 -2.048134
3.539578 -2.068307
3.539703 -2.065821
3.539829 -2.063228
3.539954 -2.073058
3.540079 -2.095036
3.540204 -2.093862
3.540329 -2.077142
3.540455 -2.064669
3.540580 -2.078931
3.540705 -2.081510
3.540830 -2.113341
3.540955 -2.115392
3.541080 -2.101324
3.541205 -2.118701
3.541330 -2.103252
3.541454 -2.103816
3.541579 -2.075708
3.541704 -2.082317
3.541829 -2.079020
3.541953 -2.100110
3.542078 -2.089932
3.542203 -2.064195
3.542327 -2.095456
3.542452 -2.108160
3.542576 -2.117015
3.542701 -2.114696
3.542825 -2.106746
3.542950 -2.112656
3.543074 -2.109327
3.543199 -2.090614
3.543323 -2.085798
3.543447 -2.108099
3.543571 -2.092717
3.543696 -2.109004
3.543820 -2.117592
3.543944 -2.104472
3.544068 -2.083620
3.544192 -2.064239
3.544316 -2.053965
3.544440 -2.080269
3.544564 -2.084926
3.544688 -2.082532
3.544812 -2.066986
3.544936 -2.046421
3.545060 -2.042108
3.545183 -2.044903
3.545307 -2.023629
3.545431 -2.019523
3.545555 -2.022344
3.545678 -2.011625
3.545802 -2.022301
3.545925 -2.029648
3.546049 -2.022529
3.546172 -2.032247
3.546296 -2.012328
3.546419 -2.037556
3.546543 -2.032079
3.546666 -2.041460
3.546789 -2.049207
3.546913 -2.076313
3.547036 -2.078922
3.547159 -2.076397
3.547282 -2.069918
3.547405 -2.062476
3.547529 -2.055989
3.547652 -2.066128
3.547775 -2.069332
3.547898 -2.061908
3.548021 -2.045373
3.548144 -2.038219
3.548267 -1.997805
3.548389 -1.980538
3.548512 -1.965817
3.548635 -1.969856
3.548758 -1.977911
3.548881 -1.979960
3.549003 -1.973392
3.549126 -1.981431
3.549249 -1.972153
3.549371 -1.962535
3.549494 -1.947334
3.549616 -1.965173
3.549739 -1.958163
3.549861 -1.942018
3.549984 -1.931957
3.550106 -1.933889
3.550228 -1.947098
3.550351 -1.937250
3.550473 -1.937478
3.550595 -1.958682
3.550717 -1.964756
3.550840 -1.961595
3.550962 -1.960910
3.551084 -1.927062
3.551206 -1.924354
3.551328 -1.931140
3.551450 -1.965144
3.551572 -1.942995
3.551694 -1.953235
3.551816 -1.951024
3.551938 -1.948413
3.552060 -1.941834
3.552181 -1.960313
3.552303 -1.957852
3.552425 -1.987220
3.552547 -1.995971
3.552668 -2.000005
3.552790 -1.990016
3.552911 -1.955833
3.553033 -1.948737
3.553155 -1.937858
3.553276 -1.919581
3.553398 -1.950297
3.553519 -1.940528
3.553640 -1.930769
3.553762 -1.925274
3.553883 -1.925138
3.554004 -1.926767
3.554126 -1.932177
3.554247 -1.948781
3.554368 -1.936337
3.554489 -1.932050
3.554610 -1.929982
3.554731 -1.918016
3.554852 -1.912293
3.554973 -1.895119
3.555094 -1.909037
3.555215 -1.897183
3.555336 -1.880361
3.555457 -1.859114
3.555578 -1.869066
3.555699 -1.843769
3.555820 -1.838011
3.555940 -1.858587
3.556061 -1.874318
3.556182 -1.882645
3.556303 -1.878098
3.556423 -1.872190
3.556544 -1.903023
3.556664 -1.910523
3.556785 -1.909834
3.556905 -1.911614
3.557026 -1.923751
3.557146 -1.942848
3.557267 -1.951839
3.557387 -1.959932
3.557507 -1.948759
3.557627 -1.957935
3.557748 -1.969414
3.557868 -1.982085
3.557988 -1.982890
3.558108 -1.975115
3.558228 -1.961265
3.558349 -1.951760
3.558469 -1.964407
3.558589 -1.968706
3.558709 -1.952391
3.558829 -1.934841
3.558948 -1.936436
3.559068 -1.928908
3.559188 -1.947877
3.559308 -1.947318
3.559428 -1.949210
3.559548 -1.950405
3.559667 -1.939326
3.559787 -1.926708
3.559907 -1.923896
3.560026 -1.924206
3.560146 -1.916396
3.560265 -1.900292
3.560385 -1.900898
3.560504 -1.897132
3.560624 -1.897239
3.560743 -1.879981
3.560863 -1.874566
3.560982 -1.892336
3.561101 -1.867872
3.561221 -1.854786
3.561340 -1.851325
3.561459 -1.848858
3.561578 -1.842875
3.561698 -1.824886
3.561817 -1.832035
3.561936 -1.840659
3.562055 -1.840432
3.562174 -1.853143
3.562293 -1.859447
3.562412 -1.860717
3.562531 -1.876320
3.562650 -1.867361
3.562769 -1.883859
3.562887 -1.881731
3.563006 -1.871220
3.563125 -1.880580
3.563244 -1.865349
3.563362 -1.889289
3.563481 -1.889561
3.563600 -1.904637
3.563718 -1.912776
3.563837 -1.897635
3.563955 -1.915748
3.564074 -1.908788
3.564192 -1.899617
3.564311 -1.907872
3.564429 -1.914730
3.564548 -1.922887
3.564666 -1.926211
3.564784 -1.930813
3.564903 -1.955678
3.565021 -1.952588
3.565139 -1.955661
3.565257 -1.961326
3.565376 -1.955018
3.565494 -1.965423
3.565612 -1.970541
3.565730 -1.949947
3.565848 -1.932040
3.565966 -1.920610
3.566084 -1.913728
3.566202 -1.899552
3.566320 -1.904846
3.566437 -1.905253
3.566555 -1.902492
3.566673 -1.890809
3.566791 -1.888606
3.566909 -1.897065
3.567026 -1.910897
3.567144 -1.925301
3.567262 -1.932931
3.567379 -1.926089
3.567497 -1.914889
3.567614 -1.907639
3.567732 -1.905353
3.567849 -1.918755
3.567967 -1.908547
3.568084 -1.927673
3.568202 -1.947829
3.568319 -1.945473
3.568436 -1.935647
3.568554 -1.936387
3.568671 -1.937232
3.568788 -1.975940
3.568905 -1.981033
3.569023 -1.978872
3.569140 -2.003456
3.569257 -2.018557
3.569374 -2.013680
3.569491 -2.005434
3.569608 -2.012411
3.569725 -2.026965
3.569842 -2.042633
3.569959 -2.025557
3.570076 -2.033887
3.570193 -2.035141
3.570309 -2.060796
3.570426 -2.076396
3.570543 -2.080268
3.570660 -2.079028
3.570776 -2.093466
3.570893 -2.094354
3.571010 -2.084039
3.571126 -2.058921
3.571243 -2.061535
3.571359 -2.070437
3.571476 -2.067434
3.571592 -2.070003
3.571709 -2.078377
3.571825 -2.094244
3.571942 -2.075306
3.572058 -2.069205
3.572174 -2.082427
3.572291 -2.097561
3.572407 -2.089900
3.572523 -2.072844
3.572639 -2.061483
3.572755 -2.064495
3.572872 -2.075123
3.572988 -2.083400
3.573104 -2.071972
3.573220 -2.078269
3.573336 -2.068451
3.573452 -2.067283
3.573568 -2.079355
3.573684 -2.071141
3.573800 -2.073129
3.573915 -2.082931
3.574031 -2.085726
3.574147 -2.058214
3.574263 -2.052327
3.574379 -2.042834
3.574494 -2.041500
3.574610 -2.036865
3.574726 -2.021551
3.574841 -2.018372
3.574957 -2.011220
3.575072 -2.002691
3.575188 -1.997310
3.575303 -1.999023
3.575419 -1.993935
3.575534 -1.984197
3.575650 -1.976295
3.575765 -1.980794
3.575880 -1.970546
3.575996 -1.980678
3.576111 -1.985100
3.576226 -1.984412
3.576341 -2.003077
3.576457 -2.003149
3.576572 -2.014917
3.576687 -2.026632
3.576802 -2.036279
3.576917 -2.060028
3.577032 -2.070169
3.577147 -2.053191
3.577262 -2.045945
3.577377 -2.026303
3.577492 -2.030716
3.577607 -2.018268
3.577722 -2.033867
3.577836 -2.041494
3.577951 -2.037619
3.578066 -2.023192
3.578181 -2.008452
3.578295 -2.010023
3.578410 -2.000598
3.578525 -2.027854
3.578639 -2.013504
3.578754 -2.008866
3.578868 -2.013265
3.578983 -1.997348
3.579097 -1.999816
3.579212 -2.011420
3.579326 -2.012583
3.579441 -2.029239
3.579555 -2.016654
3.579669 -2.001382
3.579784 -1.995767
3.579898 -2.000583
3.580012 -2.027022
3.580126 -2.026875
3.580241 -2.016224
3.580355 -2.006378
3.580469 -2.018344
3.580583 -2.020706
3.580697 -2.032012
3.580811 -2.028995
3.580925 -2.005102
3.581039 -2.008484
3.581153 -1.999134
3.581267 -2.006887
3.581381 -1.998867
3.581495 -1.989576
3.581608 -2.005870
3.581722 -1.994669
3.581836 -2.006597
3.581950 -2.025922
3.582063 -2.040302
3.582177 -2.039447
3.582291 -2.030517
3.582404 -2.018049
3.582518 -2.019458
3.582631 -2.015559
3.582745 -2.017867
3.582858 -2.010748
3.582972 -1.999297
3.583085 -2.000184
3.583199 -1.999088
3.583312 -1.987545
3.583426 -1.993759
3.583539 -2.002723
3.583652 -2.017301
3.583765 -2.000607
3.583879 -1.988637
3.583992 -2.018023
3.584105 -2.001235
3.584218 -2.012756
3.584331 -2.001406
3.584444 -2.017805
3.584557 -2.013817
3.584670 -2.001698
3.584783 -2.022191
3.584896 -2.033375
3.585009 -2.037035
3.585122 -2.059129
3.585235 -2.049197
3.585348 -2.059911
3.585461 -2.052939
3.585574 -2.060122
3.585686 -2.068379
3.585799 -2.078645
3.585912 -2.078726
3.586024 -2.083858
3.586137 -2.075503
3.586250 -2.071734
3.586362 -2.075318
3.586475 -2.083846
3.586587 -2.098909
3.586700 -2.100959
3.586812 -2.130364
3.586925 -2.126593
3.587037 -2.119439
3.587149 -2.120786
3.587262 -2.105644
3.587374 -2.102030
3.587486 -2.100206
3.587599 -2.100320
3.587711 -2.104104
3.587823 -2.110040
3.587935 -2.110616
3.588047 -2.119988
3.588160 -2.109992
3.588272 -2.105549
3.588384 -2.125805
3.588496 -2.121501
3.588608 -2.113901
3.588720 -2.097745
3.588832 -2.093819
3.588944 -2.080666
3.589056 -2.083087
3.589167 -2.086702
3.589279 -2.066423
3.589391 -2.057382
3.589503 -2.045781
3.589615 -2.022712
3.589726 -2.010748
3.589838 -2.009349
3.589950 -1.995790
3.590061 -2.002691
3.590173 -1.993065
3.590284 -1.979507
3.590396 -1.984169
3.590507 -1.985492
3.590619 -1.995195
3.590730 -1.984472
3.590842 -1.965569
3.590953 -1.982288
3.591065 -1.999429
3.591176 -1.998167
3.591287 -2.025021
3.591399 -2.005302
3.591510 -1.981238
3.591621 -1.974435
3.591732 -1.970792
3.591843 -1.958376
3.591955 -1.984824
3.592066 -1.982017
3.592177 -1.995117
3.592288 -1.983695
3.592399 -1.979686
3.592510 -1.971051
3.592621 -1.988504
3.592732 -1.978196
3.592843 -1.983392
3.592954 -1.958116
3.593064 -1.955017
3.593175 -1.953443
3.593286 -1.941110
3.593397 -1.934580
3.593508 -1.926542
3.593618 -1.908307
3.593729 -1.890343
3.593840 -1.878257
3.593950 -1.886767
3.594061 -1.880411
3.594171 -1.883711
3.594282 -1.892490
3.594393 -1.901407
3.594503 -1.900198
3.594614 -1.885243
3.594724 -1.879483
3.594834 -1.900130
3.594945 -1.892757
3.595055 -1.897779
3.595165 -1.891930
3.595276 -1.885961
3.595386 -1.883506
3.595496 -1.883465
3.595606 -1.898828
3.595717 -1.904028
3.595827 -1.901904
3.595937 -1.896834
3.596047 -1.887779
3.596157 -1.894292
3.596267 -1.885973
3.596377 -1.866964
3.596487 -1.869066
3.596597 -1.880483
3.596707 -1.886045
3.596817 -1.870119
3.596927 -1.871552
3.597037 -1.874634
3.597146 -1.874326
3.597256 -1.889581
3.597366 -1.889846
3.597476 -1.879299
3.597586 -1.871762
3.597695 -1.870382
3.597805 -1.863648
3.597914 -1.855357
3.598024 -1.847696
3.598134 -1.841237
3.598243 -1.831880
3.598353 -1.858132
3.598462 -1.863236
3.598572 -1.843829
3.598681 -1.850659
3.598791 -1.849498
3.598900 -1.829992
3.599009 -1.823588
3.599119 -1.824468
3.599228 -1.838893
3.599337 -1.842321
3.599446 -1.810360
3.599556 -1.813167
3.599665 -1.813588
3.599774 -1.834128
3.599883 -1.847145
3.599992 -1.851928
3.600101 -1.854961
3.600210 -1.842587
3.600319 -1.841417
3.600428 -1.827629
3.600537 -1.845339
3.600646 -1.850393
3.600755 -1.851221
3.600864 -1.842869
3.600973 -1.831896
3.601082 -1.830683
3.601191 -1.822456
3.601299 -1.829210
3.601408 -1.850592
3.601517 -1.830394
3.601625 -1.842682
3.601734 -1.858334
3.601843 -1.848615
3.601951 -1.843043
3.602060 -1.843304
3.602169 -1.838684
3.602277 -1.836228
3.602386 -1.851368
3.602494 -1.869178
3.602603 -1.892222
3.602711 -1.884725
3.602819 -1.893437
3.602928 -1.907808
3.603036 -1.914466
3.603144 -1.929189
3.603253 -1.913299
3.603361 -1.920747
3.603469 -1.893573
3.603577 -1.901109
3.603686 -1.908387
3.603794 -1.905553
3.603902 -1.901037
3.604010 -1.901546
3.604118 -1.893325
3.604226 -1.902228
3.604334 -1.897755
3.604442 -1.874138
3.604550 -1.888028
3.604658 -1.869273
3.604766 -1.870338
3.604874 -1.890077
3.604982 -1.894002
3.605089 -1.913347
3.605197 -1.899656
3.605305 -1.907833
3.605413 -1.907750
3.605521 -1.913178
3.605628 -1.938872
3.605736 -1.938970
3.605844 -1.944677
3.605951 -1.951064
3.606059 -1.934567
3.606166 -1.937138
3.606274 -1.963716
3.606381 -1.972529
3.606489 -1.960745
3.606596 -1.966275
3.606704 -1.986163
3.606811 -1.992816
3.606919 -2.010265
3.607026 -2.025502
3.607133 -2.039259
3.607241 -2.034619
3.607348 -2.002977
3.607455 -2.018699
3.607562 -2.045202
3.607669 -2.058575
3.607777 -2.070179
3.607884 -2.054897
3.607991 -2.043535
3.608098 -2.053214
3.608205 -2.068826
3.608312 -2.083871
3.608419 -2.085420
3.608526 -2.076154
3.608633 -2.092836
3.608740 -2.115871
3.608847 -2.121624
3.608954 -2.119580
3.609061 -2.107045
3.609167 -2.109075
3.609274 -2.125235
3.609381 -2.155782
3.609488 -2.156386
3.609594 -2.175505
3.609701 -2.170190
3.609808 -2.167961
3.609914 -2.178268
3.610021 -2.170021
3.610128 -2.173575
3.610234 -2.155022
3.610341 -2.156809
3.610447 -2.181635
3.610554 -2.176411
3.610660 -2.193527
3.610767 -2.212845
3.610873 -2.202956
3.610979 -2.181496
3.611086 -2.186780
3.611192 -2.194183
3.611298 -2.204092
3.611405 -2.206476
3.611511 -2.236347
3.611617 -2.250345
3.611723 -2.260150
3.611829 -2.244856
3.611936 -2.222957
3.612042 -2.216561
3.612148 -2.224927
3.612254 -2.217621
3.612360 -2.218612
3.612466 -2.196418
3.612572 -2.214217
3.612678 -2.189806
3.612784 -2.181126
3.612890 -2.193450
3.612996 -2.194600
3.613102 -2.204805
3.613207 -2.212272
3.613313 -2.220166
3.613419 -2.216090
3.613525 -2.215559
3.613630 -2.205757
3.613736 -2.204580
3.613842 -2.199809
3.613947 -2.221355
3.614053 -2.235135
3.614159 -2.227542
3.614264 -2.203844
3.614370 -2.191268
3.614475 -2.184856
3.614581 -2.169891
3.614686 -2.175274
3.614792 -2.177213
3.614897 -2.164608
3.615003 -2.160048
3.615108 -2.152030
3.615213 -2.157682
3.615319 -2.161907
3.615424 -2.187142
3.615529 -2.198874
3.615634 -2.186717
3.615740 -2.183952
3.615845 -2.165153
3.615950 -2.151784
3.616055 -2.186662
3.616160 -2.193153
3.616265 -2.169511
3.616370 -2.150796
3.616476 -2.131942
3.616581 -2.135059
3.616686 -2.108333
3.616790 -2.120962
3.616895 -2.140513
3.617000 -2.156445
3.617105 -2.174914
3.617210 -2.189863
3.617315 -2.171735
3.617420 -2.175288
3.617525 -2.187123
3.617629 -2.180960
3.617734 -2.191701
3.617839 -2.207330
3.617943 -2.194627
3.618048 -2.179464
3.618153 -2.173136
3.618257 -2.174163
3.618362 -2.173481
3.618466 -2.149260
3.618571 -2.149031
3.618676 -2.158958
3.618780 -2.139898
3.618884 -2.109890
3.618989 -2.110531
3.619093 -2.114398
3.619198 -2.116956
3.619302 -2.117196
3.619406 -2.100964
3.619511 -2.088046
3.619615 -2.084294
3.619719 -2.106548
3.619824 -2.141683
3.619928 -2.152310
3.620032 -2.147766
3.620136 -2.175112
3.620240 -2.197691
3.620344 -2.209241
3.620448 -2.216020
3.620552 -2.233205
3.620656 -2.212896
3.620760 -2.208697
3.620864 -2.189239
3.620968 -2.183939
3.621072 -2.193063
3.621176 -2.192649
3.621280 -2.173461
3.621384 -2.184008
3.621488 -2.196882
3.621592 -2.225967
3.621695 -2.205333
3.621799 -2.197673
3.621903 -2.198967
3.622007 -2.214497
3.622110 -2.201172
3.622214 -2.208311
3.622318 -2.233339
3.622421 -2.230551
3.622525 -2.258068
3.622628 -2.276561
3.622732 -2.273116
3.622835 -2.282779
3.622939 -2.290424
3.623042 -2.308085
3.623146 -2.292090
3.623249 -2.285841
3.623353 -2.293922
3.623456 -2.280374
3.623559 -2.306290
3.623663 -2.274419
3.623766 -2.271170
3.623869 -2.255334
3.623973 -2.244670
3.624076 -2.255038
3.624179 -2.261093
3.624282 -2.263072
3.624385 -2.249500
3.624488 -2.238879
3.624591 -2.249286
3.624695 -2.274449
3.624798 -2.293033
3.624901 -2.291213
3.625004 -2.291257
3.625107 -2.270866
3.625210 -2.282593
3.625312 -2.260144
3.625415 -2.272759
3.625518 -2.275736
3.625621 -2.300063
3.625724 -2.292447
3.625827 -2.268211
3.625929 -2.265523
3.626032 -2.279816
3.626135 -2.293705
3.626238 -2.280513
3.626340 -2.273279
3.626443 -2.267238
3.626546 -2.249830
3.626648 -2.257284
3.626751 -2.261073
3.626853 -2.251355
3.626956 -2.239187
3.627058 -2.243937
3.627161 -2.229280
3.627263 -2.211339
3.627366 -2.191817
3.627468 -2.154893
3.627571 -2.134259
3.627673 -2.132391
3.627775 -2.113933
3.627878 -2.115622
3.627980 -2.118595
3.628082 -2.147494
3.628185 -2.142230
3.628287 -2.131658
3.628389 -2.134390
3.628491 -2.147323
3.628593 -2.155471
3.628695 -2.139843
3.628797 -2.134730
3.628900 -2.142889
3.629002 -2.129661
3.629104 -2.131451
3.629206 -2.105206
3.629308 -2.058028
3.629410 -2.056535
3.629512 -2.062362
3.629613 -2.066159
3.629715 -2.085594
3.629817 -2.092783
3.629919 -2.098562
3.630021 -2.076776
3.630123 -2.083087
3.630224 -2.068776
3.630326 -2.078632
3.630428 -2.069648
3.630530 -2.084917
3.630631 -2.098402
3.630733 -2.072781
3.630835 -2.056609
3.630936 -2.047096
3.631038 -2.041556
3.631139 -2.055757
3.631241 -2.030965
3.631342 -2.053255
3.631444 -2.055970
3.631545 -2.037584
3.631647 -2.043196
3.631748 -2.050327
3.631849 -2.059256
3.631951 -2.070935
3.632052 -2.053926
3.632153 -2.050840
3.632255 -2.059944
3.632356 -2.055622
3.632457 -2.021093
3.632559 -2.036684
3.632660 -2.033324
3.632761 -2.024514
3.632862 -2.010177
3.632963 -2.017807
3.633064 -2.034319
3.633165 -2.054901
3.633266 -2.057666
3.633367 -2.063669
3.633468 -2.057202
3.633569 -2.067614
3.633670 -2.063176
3.633771 -2.078834
3.633872 -2.076583
3.633973 -2.067448
3.634074 -2.052873
3.634175 -2.048232
3.634276 -2.043714
3.634376 -2.052212
3.634477 -2.031280
3.634578 -2.040278
3.634679 -2.007615
3.634779 -2.002406
3.634880 -1.993533
3.634981 -1.990839
3.635081 -2.006037
3.635182 -2.006685
3.635283 -2.012265
3.635383 -2.003672
3.635484 -1.979221
3.635584 -1.974565
3.635685 -1.988663
3.635785 -1.983629
3.635886 -1.988126
3.635986 -1.991364
3.636087 -1.998898
3.636187 -2.008818
3.636287 -2.017265
3.636388 -2.010609
3.636488 -2.010813
3.636588 -2.003205
3.636688 -2.006458
3.636789 -2.007040
3.636889 -2.022157
3.636989 -2.028252
3.637089 -2.022555
3.637189 -2.018293
3.637290 -2.000221
3.637390 -2.002918
3.637490 -2.011133
3.637590 -1.999072
3.637690 -1.989215
3.637790 -1.982799
3.637890 -1.965293
3.637990 -1.964445
3.638090 -1.949748
3.638190 -1.921052
3.638290 -1.907890
3.638389 -1.916281
3.638489 -1.888375
3.638589 -1.890242
3.638689 -1.882863
3.638789 -1.887717
3.638888 -1.887909
3.638988 -1.876406
3.639088 -1.888461
3.639188 -1.897050
3.639287 -1.889305
3.639387 -1.887467
3.639486 -1.882914
3.639586 -1.883649
3.639686 -1.878849
3.639785 -1.876135
3.639885 -1.875682
3.639984 -1.871209
3.640084 -1.878110
3.640183 -1.885703
3.640283 -1.886739
3.640382 -1.899656
3.640481 -1.899105
3.640581 -1.903238
3.640680 -1.899414
3.640779 -1.897685
3.640879 -1.905291
3.640978 -1.898259
3.641077 -1.885997
3.641177 -1.876387
3.641276 -1.881677
3.641375 -1.890845
3.641474 -1.886361
3.641573 -1.871356
3.641672 -1.878852
3.641771 -1.883935
3.641871 -1.882436
3.641970 -1.894995
3.642069 -1.891906
3.642168 -1.896386
3.642267 -1.906830
3.642366 -1.932766
3.642465 -1.933810
3.642563 -1.934362
3.642662 -1.947726
3.642761 -1.945519
3.642860 -1.942865
3.642959 -1.918632
3.643058 -1.924933
3.643156 -1.939164
3.643255 -1.942001
3.643354 -1.953172
3.643453 -1.963957
3.643551 -1.965904
3.643650 -1.962357
3.643749 -1.990072
3.643847 -2.005241
3.643946 -2.019166
3.644044 -2.032859
3.644143 -2.045431
3.644242 -2.046755
3.644340 -2.052079
3.644439 -2.064034
3.644537 -2.049172
3.644636 -2.059106
3.644734 -2.081123
3.644832 -2.073932
3.644931 -2.078160
3.645029 -2.094868
3.645127 -2.064275
3.645226 -2.042402
3.645324 -2.048808
3.645422 -2.072262
3.645521 -2.093376
3.645619 -2.093624
3.645717 -2.100722
3.645815 -2.088619
3.645913 -2.089745
3.646011 -2.123219
3.646110 -2.142238
3.646208 -2.149196
3.646306 -2.165490
3.646404 -2.186580
3.646502 -2.203551
3.646600 -2.196630
3.646698 -2.197014
3.646796 -2.212587
3.646894 -2.195687
3.646992 -2.205745
3.647089 -2.200923
3.647187 -2.226286
3.647285 -2.230422
3.647383 -2.240774
3.647481 -2.216901
3.647579 -2.201919
3.647676 -2.219008
3.647774 -2.216124
3.647872 -2.208312
3.647969 -2.210430
3.648067 -2.213670
3.648165 -2.217477
3.648262 -2.209226
3.648360 -2.221585
3.648458 -2.225557
3.648555 -2.256185
3.648653 -2.268791
3.648750 -2.268827
3.648848 -2.268328
3.648945 -2.283144
3.649043 -2.286506
3.649140 -2.287312
3.649237 -2.270512
3.649335 -2.286472
3.649432 -2.310009
3.649530 -2.296775
3.649627 -2.283806
3.649724 -2.274737
3.649821 -2.279438
3.649919 -2.283549
3.650016 -2.290790
3.650113 -2.309563
3.650210 -2.288874
3.650308 -2.308322
3.650405 -2.293710
3.650502 -2.284157
3.650599 -2.270619
3.650696 -2.264557
3.650793 -2.256794
3.650890 -2.240587
3.650987 -2.239310
3.651084 -2.238128
3.651181 -2.228564
3.651278 -2.197677
3.651375 -2.190015
3.651472 -2.202204
3.651569 -2.205996
3.651666 -2.203892
3.651762 -2.184949
3.651859 -2.164135
3.651956 -2.175830
3.652053 -2.176706
3.652150 -2.186213
3.652246 -2.200825
3.652343 -2.220107
3.652440 -2.217326
3.652536 -2.212870
3.652633 -2.226879
3.652730 -2.230959
3.652826 -2.224224
3.652923 -2.210568
3.653019 -2.243613
3.653116 -2.259951
3.653213 -2.255269
3.653309 -2.249556
3.653405 -2.258120
3.653502 -2.304366
3.653598 -2.323995
3.653695 -2.317095
3.653791 -2.312665
3.653888 -2.325797
3.653984 -2.335962
3.654080 -2.334001
3.654177 -2.336920
3.654273 -2.313028
3.654369 -2.298830
3.654465 -2.288246
3.654562 -2.279775
3.654658 -2.252689
3.654754 -2.259804
3.654850 -2.267120
3.654946 -2.289918
3.655042 -2.272665
3.655138 -2.278514
3.655235 -2.272148
3.655331 -2.277458
3.655427 -2.267136
3.655523 -2.266427
3.655619 -2.267095
3.655715 -2.258319
3.655810 -2.240741
3.655906 -2.214363
3.656002 -2.235656
3.656098 -2.263557
3.656194 -2.255778
3.656290 -2.249575
3.656386 -2.247471
3.656482 -2.262071
3.656577 -2.262203
3.656673 -2.278235
3.656769 -2.285539
3.656864 -2.289088
3.656960 -2.287566
3.657056 -2.272694
3.657152 -2.259869
3.657247 -2.282639
3.657343 -2.282633
3.657438 -2.252619
3.657534 -2.236788
3.657629 -2.209471
3.657725 -2.216265
3.657820 -2.218645
3.657916 -2.206633
3.658011 -2.195071
3.658107 -2.203298
3.658202 -2.225025
3.658298 -2.232534
3.658393 -2.227980
3.658488 -2.199316
3.658584 -2.217531
3.658679 -2.212873
3.658774 -2.181868
3.658870 -2.188032
3.658965 -2.160235
3.659060 -2.153197
3.659155 -2.158375
3.659250 -2.143920
3.659346 -2.154903
3.659441 -2.159478
3.659536 -2.140159
3.659631 -2.137590
3.659726 -2.156693
3.659821 -2.155374
3.659916 -2.162344
3.660011 -2.165483
3.660106 -2.156735
3.660201 -2.155473
3.660296 -2.160028
3.660391 -2.169626
3.660486 -2.173982
3.660581 -2.192303
3.660676 -2.181414
3.660771 -2.158337
3.660865 -2.154185
3.660960 -2.161745
3.661055 -2.175479
3.661150 -2.186035
3.661245 -2.183020
3.661339 -2.181574
3.661434 -2.187012
3.661529 -2.187655
3.661623 -2.187721
3.661718 -2.198344
3.661813 -2.235682
3.661907 -2.218682
3.662002 -2.203587
3.662096 -2.202518
3.662191 -2.190920
3.662286 -2.201805
3.662380 -2.188135
3.662475 -2.182287
3.662569 -2.194661
3.662663 -2.187794
3.662758 -2.185531
3.662852 -2.187601
3.662947 -2.186966
3.663041 -2.183830
3.663135 -2.199344
3.663230 -2.208109
3.663324 -2.207063
3.663418 -2.206109
3.663512 -2.212628
3.663607 -2.251474
3.663701 -2.268938
3.663795 -2.257938
3.663889 -2.269182
3.663983 -2.257037
3.664078 -2.258001
3.664172 -2.281235
3.664266 -2.282814
3.664360 -2.259218
3.664454 -2.235300
3.664548 -2.222058
3.664642 -2.208877
3.664736 -2.208873
3.664830 -2.225611
3.664924 -2.227064
3.665018 -2.246319
3.665112 -2.249525
3.665206 -2.238082
3.665299 -2.219239
3.665393 -2.222710
3.665487 -2.231217
3.665581 -2.249164
3.665675 -2.259490
3.665769 -2.271886
3.665862 -2.279474
3.665956 -2.274267
3.666050 -2.291197
3.666143 -2.281123
3.666237 -2.284449
3.666331 -2.287324
3.666424 -2.286284
3.666518 -2.267120
3.666612 -2.284657
3.666705 -2.282980
3.666799 -2.286043
3.666892 -2.310635
3.666986 -2.325604
3.667079 -2.311025
3.667173 -2.300800
3.667266 -2.323030
3.667360 -2.310910
3.667453 -2.316485
3.667546 -2.342005
3.667640 -2.345890
3.667733 -2.331767
3.667826 -2.334533
3.667920 -2.318682
3.668013 -2.327360
3.668106 -2.315297
3.668199 -2.319448
3.668293 -2.327589
3.668386 -2.330830
3.668479 -2.319117
3.668572 -2.309662
3.668665 -2.308623
3.668759 -2.305857
3.668852 -2.289541
3.668945 -2.267275
3.669038 -2.276192
3.669131 -2.261935
3.669224 -2.257831
3.669317 -2.252586
3.669410 -2.243204
3.669503 -2.251591
3.669596 -2.234192
3.669689 -2.233295
3.669782 -2.251108
3.669875 -2.248208
3.669967 -2.233309
3.670060 -2.210008
3.670153 -2.220240
3.670246 -2.213375
3.670339 -2.191002
3.670431 -2.197144
3.670524 -2.207734
3.670617 -2.200118
3.670710 -2.183930
3.670802 -2.198873
3.670895 -2.206344
3.670988 -2.209769
3.671080 -2.208689
3.671173 -2.218419
3.671265 -2.232502
3.671358 -2.254598
3.671451 -2.261281
3.671543 -2.258964
3.671636 -2.266381
3.671728 -2.269924
3.671821 -2.274681
3.671913 -2.264211
3.672005 -2.254457
3.672098 -2.256135
3.672190 -2.257801
3.672283 -2.239678
3.672375 -2.223183
3.672467 -2.228956
3.672560 -2.216855
3.672652 -2.213027
3.672744 -2.206969
3.672836 -2.202015
3.672929 -2.215740
3.673021 -2.233239
3.673113 -2.226581
3.673205 -2.218994
3.673297 -2.219895
3.673390 -2.199515
3.673482 -2.222142
3.673574 -2.222220
3.673666 -2.204298
3.673758 -2.210063
3.673850 -2.203872
3.673942 -2.197095
3.674034 -2.190826
3.674126 -2.181894
3.674218 -2.166512
3.674310 -2.164334
3.674402 -2.148472
3.674494 -2.147410
3.674586 -2.154096
3.674677 -2.137679
3.674769 -2.134733
3.674861 -2.130947
3.674953 -2.125721
3.675045 -2.110541
3.675137 -2.117372
3.675228 -2.128945
3.675320 -2.146027
3.675412 -2.136114
3.675503 -2.133026
3.675595 -2.114697
3.675687 -2.111470
3.675778 -2.106852
3.675870 -2.096009
3.675962 -2.080937
3.676053 -2.068302
3.676145 -2.060034
3.676236 -2.061543
3.676328 -2.064007
3.676419 -2.056309
3.676511 -2.071226
3.676602 -2.054040
3.676694 -2.045603
3.676785 -2.042313
3.676876 -2.051042
3.676968 -2.026591
3.677059 -2.010009
3.677151 -2.001649
3.677242 -1.994023
3.677333 -2.004973
3.677424 -2.016102
3.677516 -2.029924
3.677607 -2.041135
3.677698 -2.036869
3.677789 -2.008889
3.677881 -2.016088
3.677972 -2.010329
3.678063 -2.012909
3.678154 -2.033502
3.678245 -2.030966
3.678336 -2.050857
3.678427 -2.051253
3.678518 -2.070656
3.678609 -2.054991
3.678700 -2.053212
3.678791 -2.064123
3.678882 -2.076456
3.678973 -2.066088
3.679064 -2.074043
3.679155 -2.059614
3.679246 -2.052798
3.679337 -2.060006
3.679428 -2.044398
3.679519 -2.038686
3.679610 -2.032477
3.679700 -2.034593
3.679791 -2.045028
3.679882 -2.036405
3.679973 -2.031217
3.680063 -2.020565
3.680154 -2.026344
3.680245 -2.023577
3.680336 -2.027425
3.680426 -2.028284
3.680517 -2.035335
3.680607 -2.038848
3.680698 -2.023529
3.680789 -2.027901
3.680879 -2.041374
3.680970 -2.036776
3.681060 -2.050118
3.681151 -2.040245
3.681241 -2.037010
3.681332 -2.044346
3.681422 -2.042474
3.681513 -2.048389
3.681603 -2.044022
3.681693 -2.051053
3.681784 -2.075685
3.681874 -2.079399
3.681964 -2.089735
3.682055 -2.113697
3.682145 -2.126882
3.682235 -2.139615
3.682326 -2.152631
3.682416 -2.140352
3.682506 -2.123435
3.682596 -2.126283
3.682686 -2.151407
3.682777 -2.174565
3.682867 -2.177033
3.682957 -2.164065
3.683047 -2.136235
3.683137 -2.126153
3.683227 -2.108848
3.683317 -2.100354
3.683407 -2.089088
3.683497 -2.079812
3.683587 -2.081012
3.683677 -2.084461
3.683767 -2.097985
3.683857 -2.096191
3.683947 -2.085450
3.684037 -2.101415
3.684127 -2.116397
3.684217 -2.119398
3.684307 -2.103340
3.684396 -2.098997
3.684486 -2.106548
3.684576 -2.089923
3.684666 -2.074210
3.684756 -2.087092
3.684845 -2.101731
3.684935 -2.093413
3.685025 -2.080083
3.685114 -2.087712
3.685204 -2.081499
3.685294 -2.078306
3.685383 -2.080551
3.685473 -2.074128
3.685563 -2.070323
3.685652 -2.063525
3.685742 -2.074386
3.685831 -2.057327
3.685921 -2.046362
3.686010 -2.039260
3.686100 -2.051690
3.686189 -2.045086
3.686279 -2.055217
3.686368 -2.059532
3.686458 -2.054620
3.686547 -2.042385
3.686636 -2.051874
3.686726 -2.060321
3.686815 -2.065702
3.686904 -2.093046
3.686994 -2.089718
3.687083 -2.094317
3.687172 -2.094399
3.687261 -2.080062
3.687351 -2.085392
3.687440 -2.106796
3.687529 -2.116301
3.687618 -2.115227
3.687707 -2.106474
3.687796 -2.109811
3.687886 -2.121827
3.687975 -2.105498
3.688064 -2.111262
3.688153 -2.114106
3.688242 -2.122155
3.688331 -2.121665
3.688420 -2.117229
3.688509 -2.133539
3.688598 -2.151068
3.688687 -2.126348
3.688776 -2.126641
3.688865 -2.144097
3.688953 -2.143095
3.689042 -2.116382
3.689131 -2.121220
3.689220 -2.110854
3.689309 -2.103824
3.689398 -2.106201
3.689486 -2.096735
3.689575 -2.085309
3.689664 -2.075098
3.689753 -2.088950
3.689841 -2.084806
3.689930 -2.102156
3.690019 -2.117079
3.690107 -2.124051
3.690196 -2.139806
3.690285 -2.158225
3.690373 -2.171066
3.690462 -2.175199
3.690550 -2.181862
3.690639 -2.179920
3.690728 -2.184564
3.690816 -2.168214
3.690905 -2.149170
3.690993 -2.157615
3.691081 -2.175421
3.691170 -2.188153
3.691258 -2.174894
3.691347 -2.172588
3.691435 -2.168767
3.691524 -2.160382
3.691612 -2.145161
3.691700 -2.145276
3.691789 -2.167414
3.691877 -2.169360
3.691965 -2.159798
3.692053 -2.173605
3.692142 -2.143905
3.692230 -2.147631
3.692318 -2.129650
3.692406 -2.127659
3.692494 -2.151903
3.692583 -2.148837
3.692671 -2.134939
3.692759 -2.142131
3.692847 -2.125329
3.692935 -2.129124
3.693023 -2.131415
3.693111 -2.155698
3.693199 -2.154359
3.693287 -2.135457
3.693375 -2.137117
3.693463 -2.156740
3.693551 -2.175991
3.693639 -2.173223
3.693727 -2.183946
3.693815 -2.211594
3.693903 -2.206282
3.693991 -2.200577
3.694078 -2.193451
3.694166 -2.177240
3.694254 -2.177932
3.694342 -2.169309
3.694430 -2.179294
3.694517 -2.169315
3.694605 -2.155622
3.694693 -2.161847
3.694781 -2.165304
3.694868 -2.149987
3.694956 -2.160818
3.695044 -2.148488
3.695131 -2.143281
3.695219 -2.146014
3.695307 -2.139638
3.695394 -2.146474
3.695482 -2.150405
3.695569 -2.160883
3.695657 -2.172028
3.695744 -2.171732
3.695832 -2.158829
3.695919 -2.166816
3.696007 -2.168331
3.696094 -2.157439
3.696182 -2.149788
3.696269 -2.137867
3.696356 -2.146750
3.696444 -2.142180
3.696531 -2.140288
3.696618 -2.133819
3.696706 -2.134664
3.696793 -2.124324
3.696880 -2.141985
3.696968 -2.148769
3.697055 -2.131835
3.697142 -2.128769
3.697229 -2.156321
3.697317 -2.148526
3.697404 -2.158614
3.697491 -2.170525
3.697578 -2.186759
3.697665 -2.179886
3.697752 -2.179134
3.697839 -2.177368
3.697926 -2.169776
3.698014 -2.155790
3.698101 -2.157904
3.698188 -2.165238
3.698275 -2.170650
3.698362 -2.182764
3.698449 -2.185058
3.698535 -2.187444
3.698622 -2.190482
3.698709 -2.176035
3.698796 -2.167357
3.698883 -2.151796
3.698970 -2.161203
