0.000000 -0.304423
0.301030 -0.603292
0.477121 -0.780246
0.602060 -0.898883
0.698970 -0.999088
0.778151 -1.075902
0.845098 -1.141764
0.903090 -1.192528
0.954243 -1.251071
1.000000 -1.297021
1.041393 -1.335858
1.079181 -1.374550
1.113943 -1.411796
1.146128 -1.441056
1.176091 -1.475370
1.204120 -1.499901
1.230449 -1.525643
1.255273 -1.550477
1.278754 -1.574033
1.301030 -1.605790
1.322219 -1.612933
1.342423 -1.641410
1.361728 -1.663068
1.380211 -1.675345
1.397940 -1.695174
1.414973 -1.711060
1.431364 -1.731404
1.447158 -1.738091
1.462398 -1.762970
1.477121 -1.786070
1.491362 -1.797178
1.505150 -1.799085
1.518514 -1.820902
1.531479 -1.827855
1.544068 -1.830349
1.556303 -1.859733
1.568202 -1.862564
1.579784 -1.878857
1.591065 -1.878179
1.602060 -1.906129
1.612784 -1.907871
1.623249 -1.919026
1.633468 -1.927622
1.643453 -1.963393
1.653213 -1.950815
1.662758 -1.959224
1.672098 -1.972415
1.681241 -1.976304
1.690196 -1.981450
1.698970 -1.998208
1.707570 -2.007648
1.716003 -2.020100
1.724276 -2.010868
1.732394 -2.028839
1.740363 -2.030030
1.748188 -2.040502
1.755875 -2.057640
1.763428 -2.069911
1.770852 -2.055081
1.778151 -2.090282
1.785330 -2.083493
1.792392 -2.088643
1.799341 -2.102083
1.806180 -2.101330
1.812913 -2.102907
1.819544 -2.125321
1.826075 -2.140096
1.832509 -2.128809
1.838849 -2.141237
1.845098 -2.142032
1.851258 -2.138736
1.857332 -2.150381
1.863323 -2.163345
1.869232 -2.145347
1.875061 -2.181823
1.880814 -2.186322
1.886491 -2.190397
1.892095 -2.188829
1.897627 -2.206093
1.903090 -2.213013
1.908485 -2.212845
1.913814 -2.203220
1.919078 -2.223655
1.924279 -2.218853
1.929419 -2.220050
1.934498 -2.241136
1.939519 -2.243022
1.944483 -2.261731
1.949390 -2.237900
1.954243 -2.265683
1.959041 -2.254893
1.963788 -2.274377
1.968483 -2.286559
1.973128 -2.275039
1.977724 -2.273416
1.982271 -2.277623
1.986772 -2.285603
1.991226 -2.280478
1.995635 -2.281240
2.000000 -2.298343
2.004321 -2.316313
2.008600 -2.307865
2.012837 -2.323178
2.017033 -2.316583
2.021189 -2.317565
2.025306 -2.329171
2.029384 -2.341503
2.033424 -2.336412
2.037426 -2.329733
2.041393 -2.334306
2.045323 -2.334088
2.049218 -2.345111
2.053078 -2.382917
2.056905 -2.350219
2.060698 -2.366905
2.064458 -2.370226
2.068186 -2.392334
2.071882 -2.355091
2.075547 -2.370558
2.079181 -2.377758
2.082785 -2.364875
2.086360 -2.391705
2.089905 -2.380246
2.093422 -2.400373
2.096910 -2.397030
2.100371 -2.402712
2.103804 -2.401832
2.107210 -2.409103
2.110590 -2.405906
2.113943 -2.420681
2.117271 -2.434538
2.120574 -2.432941
2.123852 -2.441472
2.127105 -2.416334
2.130334 -2.443975
2.133539 -2.443058
2.136721 -2.464118
2.139879 -2.431717
2.143015 -2.439302
2.146128 -2.436121
2.149219 -2.444911
2.152288 -2.468012
2.155336 -2.480782
2.158362 -2.465455
2.161368 -2.425001
2.164353 -2.468515
2.167317 -2.451317
2.170262 -2.483529
2.173186 -2.472322
2.176091 -2.480806
2.178977 -2.489298
2.181844 -2.501991
2.184691 -2.459750
2.187521 -2.518792
2.190332 -2.492291
2.193125 -2.491387
2.195900 -2.500979
2.198657 -2.507403
2.201397 -2.512049
2.204120 -2.487770
2.206826 -2.494731
2.209515 -2.504682
2.212188 -2.517286
2.214844 -2.505436
2.217484 -2.506485
2.220108 -2.513442
2.222716 -2.527018
2.225309 -2.510462
2.227887 -2.534494
2.230449 -2.505348
2.232996 -2.543674
2.235528 -2.554484
2.238046 -2.542769
2.240549 -2.564010
2.243038 -2.542011
2.245513 -2.549408
2.247973 -2.518653
2.250420 -2.539696
2.252853 -2.563802
2.255273 -2.568625
2.257679 -2.563066
2.260071 -2.554229
2.262451 -2.565576
2.264818 -2.559907
2.267172 -2.581978
2.269513 -2.609728
2.271842 -2.587543
2.274158 -2.584602
2.276462 -2.594992
2.278754 -2.612904
2.281033 -2.600583
2.283301 -2.564903
2.285557 -2.581093
2.287802 -2.580895
2.290035 -2.572808
2.292256 -2.602603
2.294466 -2.592385
2.296665 -2.592464
2.298853 -2.593938
2.301030 -2.589672
2.303196 -2.628370
2.305351 -2.592139
2.307496 -2.604154
2.309630 -2.611490
2.311754 -2.603859
2.313867 -2.638306
2.315970 -2.611730
2.318063 -2.619803
2.320146 -2.606326
2.322219 -2.620265
2.324282 -2.638404
2.326336 -2.628851
2.328380 -2.609618
2.330414 -2.627601
2.332438 -2.627648
2.334454 -2.638184
2.336460 -2.617035
2.338456 -2.643246
2.340444 -2.617756
2.342423 -2.639054
2.344392 -2.655811
2.346353 -2.642321
2.348305 -2.655767
2.350248 -2.649066
2.352183 -2.653457
2.354108 -2.685735
2.356026 -2.664913
2.357935 -2.645942
2.359835 -2.644163
2.361728 -2.642105
2.363612 -2.665895
2.365488 -2.683336
2.367356 -2.669350
2.369216 -2.691511
2.371068 -2.699436
2.372912 -2.639977
2.374748 -2.695495
2.376577 -2.657246
2.378398 -2.693750
2.380211 -2.679387
2.382017 -2.663436
2.383815 -2.705790
2.385606 -2.699486
2.387390 -2.688459
2.389166 -2.713322
2.390935 -2.701943
2.392697 -2.710343
2.394452 -2.698566
2.396199 -2.701355
2.397940 -2.716707
2.399674 -2.696451
2.401401 -2.729310
2.403121 -2.700873
2.404834 -2.695476
2.406540 -2.692414
2.408240 -2.711945
2.409933 -2.716315
2.411620 -2.737566
2.413300 -2.731095
2.414973 -2.720272
2.416641 -2.723015
2.418301 -2.709305
2.419956 -2.733881
2.421604 -2.713091
2.423246 -2.719147
2.424882 -2.729219
2.426511 -2.740277
2.428135 -2.749033
2.429752 -2.744078
2.431364 -2.749475
2.432969 -2.719497
2.434569 -2.744524
2.436163 -2.724445
2.437751 -2.702690
2.439333 -2.722995
2.440909 -2.734385
2.442480 -2.766465
2.444045 -2.736215
2.445604 -2.765742
2.447158 -2.749819
2.448706 -2.769660
2.450249 -2.742610
2.451786 -2.756399
2.453318 -2.776771
2.454845 -2.766686
2.456366 -2.748660
2.457882 -2.775133
2.459392 -2.769079
2.460898 -2.777536
2.462398 -2.762844
2.463893 -2.746519
2.465383 -2.768200
2.466868 -2.792802
2.468347 -2.750266
2.469822 -2.758488
2.471292 -2.766818
2.472756 -2.770408
2.474216 -2.769977
2.475671 -2.791841
2.477121 -2.790955
2.478566 -2.771406
2.480007 -2.805060
2.481443 -2.794294
2.482874 -2.771042
2.484300 -2.811646
2.485721 -2.791949
2.487138 -2.783203
2.488551 -2.799947
2.489958 -2.807006
2.491362 -2.803971
2.492760 -2.795274
2.494155 -2.768238
2.495544 -2.773014
2.496930 -2.803124
2.498311 -2.789808
2.499687 -2.786499
2.501059 -2.786707
2.502427 -2.790421
2.503791 -2.838921
2.505150 -2.818546
2.506505 -2.821661
2.507856 -2.834846
2.509203 -2.815787
2.510545 -2.807022
2.511883 -2.815355
2.513218 -2.828250
2.514548 -2.776510
2.515874 -2.792310
2.517196 -2.841875
2.518514 -2.819784
2.519828 -2.819895
2.521138 -2.820083
2.522444 -2.865989
2.523746 -2.809759
2.525045 -2.837942
2.526339 -2.824942
2.527630 -2.845466
2.528917 -2.820107
2.530200 -2.829399
2.531479 -2.832503
2.532754 -2.802440
2.534026 -2.811301
2.535294 -2.849409
2.536558 -2.821341
2.537819 -2.832093
2.539076 -2.823459
2.540329 -2.853096
2.541579 -2.852707
2.542825 -2.864669
2.544068 -2.843884
2.545307 -2.876352
2.546543 -2.836309
2.547775 -2.872121
2.549003 -2.799844
2.550228 -2.883695
2.551450 -2.861485
2.552668 -2.851160
2.553883 -2.857946
2.555094 -2.856821
2.556303 -2.838949
2.557507 -2.867524
2.558709 -2.852743
2.559907 -2.858883
2.561101 -2.844611
2.562293 -2.855209
2.563481 -2.865908
2.564666 -2.850651
2.565848 -2.881851
2.567026 -2.870663
2.568202 -2.833493
2.569374 -2.883974
2.570543 -2.897236
2.571709 -2.862148
2.572872 -2.877521
2.574031 -2.859015
2.575188 -2.866064
2.576341 -2.882001
2.577492 -2.864919
2.578639 -2.907897
2.579784 -2.881123
2.580925 -2.879793
2.582063 -2.917651
2.583199 -2.861483
2.584331 -2.888447
2.585461 -2.876776
2.586587 -2.852873
2.587711 -2.893050
2.588832 -2.899263
2.589950 -2.901090
2.591065 -2.875128
2.592177 -2.882290
2.593286 -2.912591
2.594393 -2.850054
2.595496 -2.905693
2.596597 -2.873970
2.597695 -2.871155
2.598791 -2.869175
2.599883 -2.894232
2.600973 -2.925540
2.602060 -2.875885
2.603144 -2.911313
2.604226 -2.903729
2.605305 -2.886155
2.606381 -2.870185
2.607455 -2.905192
2.608526 -2.905164
2.609594 -2.929221
2.610660 -2.925577
2.611723 -2.942019
2.612784 -2.893429
2.613842 -2.909936
2.614897 -2.939483
2.615950 -2.886344
2.617000 -2.912809
2.618048 -2.910602
2.619093 -2.916970
2.620136 -2.899937
2.621176 -2.891487
2.622214 -2.922358
2.623249 -2.924211
2.624282 -2.930448
2.625312 -2.944490
2.626340 -2.928129
2.627366 -2.902296
2.628389 -2.894315
2.629410 -2.916061
2.630428 -2.924087
2.631444 -2.893348
2.632457 -2.920369
2.633468 -2.915392
2.634477 -2.920122
2.635484 -2.946194
2.636488 -2.925238
2.637490 -2.927412
2.638489 -2.920774
2.639486 -2.921353
2.640481 -2.930496
2.641474 -2.899938
2.642465 -2.887743
2.643453 -2.940547
2.644439 -2.924497
2.645422 -2.905667
2.646404 -2.952999
2.647383 -2.940979
2.648360 -2.928049
2.649335 -2.955252
2.650308 -2.891489
2.651278 -2.905055
2.652246 -2.944810
2.653213 -2.937269
2.654177 -2.941161
2.655138 -2.953208
2.656098 -2.974179
2.657056 -2.938650
2.658011 -2.935475
2.658965 -2.923342
2.659916 -2.914101
2.660865 -2.940489
2.661813 -2.885523
2.662758 -2.930768
2.663701 -2.958008
2.664642 -2.959618
2.665581 -2.972014
2.666518 -2.994623
2.667453 -2.975284
2.668386 -2.958472
2.669317 -2.927868
2.670246 -2.982983
2.671173 -2.969431
2.672098 -2.919346
2.673021 -2.964507
2.673942 -2.959863
2.674861 -2.980739
2.675778 -2.964913
2.676694 -2.929995
2.677607 -2.955776
2.678518 -2.948472
2.679428 -2.939067
2.680336 -2.948682
2.681241 -2.939917
2.682145 -2.943694
2.683047 -2.957857
2.683947 -2.990096
2.684845 -2.972155
2.685742 -2.968498
2.686636 -2.966948
2.687529 -2.965226
2.688420 -2.979645
2.689309 -2.987309
2.690196 -2.973557
2.691081 -2.951392
2.691965 -2.964399
2.692847 -2.959536
2.693727 -2.985200
2.694605 -2.937609
2.695482 -2.976350
2.696356 -2.957655
2.697229 -2.981871
2.698101 -2.981661
2.698970 -2.953445
2.699838 -2.964161
2.700704 -2.968329
2.701568 -2.989074
2.702431 -3.016334
2.703291 -2.978758
2.704151 -2.938194
2.705008 -2.956351
2.705864 -2.969527
2.706718 -3.007128
2.707570 -3.003763
2.708421 -2.959077
2.709270 -2.985773
2.710117 -3.010741
2.710963 -3.029774
2.711807 -2.980580
2.712650 -3.027147
2.713491 -3.024244
2.714330 -2.970140
2.715167 -2.983105
2.716003 -3.013158
2.716838 -3.014496
2.717671 -2.995000
2.718502 -2.972561
2.719331 -2.955252
2.720159 -3.014034
2.720986 -3.010218
2.721811 -2.966407
2.722634 -2.978423
2.723456 -2.993457
2.724276 -2.987979
2.725095 -3.016250
2.725912 -3.023053
2.726727 -3.002938
2.727541 -2.990822
2.728354 -2.998457
2.729165 -3.015287
2.729974 -3.003373
2.730782 -3.001082
2.731589 -3.008527
2.732394 -3.044765
2.733197 -2.996600
2.733999 -3.003362
2.734800 -2.992629
2.735599 -3.036082
2.736397 -3.077283
2.737193 -3.037541
2.737987 -3.050473
2.738781 -2.960718
2.739572 -3.012755
2.740363 -3.013630
2.741152 -3.033392
2.741939 -3.086031
2.742725 -3.036072
2.743510 -2.991443
2.744293 -3.026052
2.745075 -2.996230
2.745855 -3.020467
2.746634 -3.065318
2.747412 -3.064766
2.748188 -3.014003
2.748963 -3.030562
2.749736 -3.017536
2.750508 -3.027594
2.751279 -3.002473
2.752048 -3.049806
2.752816 -3.017623
2.753583 -3.032785
2.754348 -3.053660
2.755112 -3.037252
2.755875 -3.042998
2.756636 -3.027831
2.757396 -3.040054
2.758155 -3.045702
2.758912 -3.056718
2.759668 -3.025868
2.760422 -3.014451
2.761176 -2.989810
2.761928 -3.034860
2.762679 -3.029781
2.763428 -3.026504
2.764176 -3.012347
2.764923 -3.006231
2.765669 -3.025990
2.766413 -3.029075
2.767156 -3.041408
2.767898 -3.075566
2.768638 -3.051937
2.769377 -3.007036
2.770115 -3.039710
2.770852 -3.009975
2.771587 -3.038283
2.772322 -3.043740
2.773055 -3.083409
2.773786 -3.077725
2.774517 -3.063639
2.775246 -3.074403
2.775974 -3.055755
2.776701 -3.051570
2.777427 -3.030355
2.778151 -3.048761
2.778874 -3.057084
2.779596 -3.059858
2.780317 -3.062556
2.781037 -3.055079
2.781755 -3.029263
2.782473 -3.025854
2.783189 -3.071416
2.783904 -3.070683
2.784617 -3.047180
2.785330 -3.050056
2.786041 -3.072615
2.786751 -3.055218
2.787460 -3.090054
2.788168 -3.067597
2.788875 -3.053188
2.789581 -3.041119
2.790285 -3.052332
2.790988 -3.071439
2.791691 -3.087968
2.792392 -3.075665
2.793092 -3.050793
2.793790 -2.993896
2.794488 -3.011456
2.795185 -3.029388
2.795880 -3.022433
2.796574 -3.051642
2.797268 -3.044333
2.797960 -3.071315
2.798651 -3.085160
2.799341 -3.080318
2.800029 -3.091425
2.800717 -3.051551
2.801404 -3.073405
2.802089 -3.100231
2.802774 -3.139383
2.803457 -3.067404
2.804139 -3.047466
2.804821 -3.072827
2.805501 -3.053033
2.806180 -3.097417
2.806858 -3.050986
2.807535 -3.055872
2.808211 -3.085937
2.808886 -3.101171
2.809560 -3.134128
2.810233 -3.048409
2.810904 -3.076018
2.811575 -3.102180
2.812245 -3.080554
2.812913 -3.051757
2.813581 -3.045494
2.814248 -3.076225
2.814913 -3.095895
2.815578 -3.085907
2.816241 -3.093476
2.816904 -3.111463
2.817565 -3.092715
2.818226 -3.105362
2.818885 -3.078699
2.819544 -3.063929
2.820201 -3.078672
2.820858 -3.107299
2.821514 -3.146376
2.822168 -3.090501
2.822822 -3.064255
2.823474 -3.049446
2.824126 -3.049523
2.824776 -3.055413
2.825426 -3.060645
2.826075 -3.053624
2.826723 -3.085746
2.827369 -3.103556
2.828015 -3.128145
2.828660 -3.100367
2.829304 -3.089430
2.829947 -3.062581
2.830589 -3.087457
2.831230 -3.091144
2.831870 -3.092023
2.832509 -3.091135
2.833147 -3.090885
2.833784 -3.085951
2.834421 -3.078475
2.835056 -3.076357
2.835691 -3.102588
2.836324 -3.097236
2.836957 -3.065945
2.837588 -3.080089
2.838219 -3.070216
2.838849 -3.055342
2.839478 -3.068498
2.840106 -3.049810
2.840733 -3.096335
2.841359 -3.094077
2.841985 -3.077012
2.842609 -3.130999
2.843233 -3.115566
2.843855 -3.103423
2.844477 -3.070197
2.845098 -3.046324
2.845718 -3.097881
2.846337 -3.151557
2.846955 -3.175440
2.847573 -3.167923
2.848189 -3.149263
2.848805 -3.130085
2.849419 -3.114065
2.850033 -3.083049
2.850646 -3.077554
2.851258 -3.113048
2.851870 -3.095384
2.852480 -3.121690
2.853090 -3.158407
2.853698 -3.135757
2.854306 -3.137683
2.854913 -3.106316
2.855519 -3.084035
2.856124 -3.126954
2.856729 -3.119825
2.857332 -3.118619
2.857935 -3.122335
2.858537 -3.133024
2.859138 -3.119398
2.859739 -3.156355
2.860338 -3.148449
2.860937 -3.100254
2.861534 -3.075236
2.862131 -3.076069
2.862728 -3.088835
2.863323 -3.110934
2.863917 -3.143418
2.864511 -3.119701
2.865104 -3.122178
2.865696 -3.119191
2.866287 -3.131286
2.866878 -3.114913
2.867467 -3.131702
2.868056 -3.138655
2.868644 -3.116866
2.869232 -3.142894
2.869818 -3.163543
2.870404 -3.154793
2.870989 -3.103081
2.871573 -3.142133
2.872156 -3.126081
2.872739 -3.132228
2.873321 -3.092061
2.873902 -3.094737
2.874482 -3.070604
2.875061 -3.082066
2.875640 -3.106954
2.876218 -3.111922
2.876795 -3.091844
2.877371 -3.122824
2.877947 -3.094414
2.878522 -3.106143
2.879096 -3.127015
2.879669 -3.129580
2.880242 -3.120912
2.880814 -3.144016
2.881385 -3.142877
2.881955 -3.157502
2.882525 -3.201748
2.883093 -3.239356
2.883661 -3.148885
2.884229 -3.103670
2.884795 -3.082854
2.885361 -3.117145
2.885926 -3.098828
2.886491 -3.170916
2.887054 -3.177385
2.887617 -3.130120
2.888179 -3.146084
2.888741 -3.167879
2.889302 -3.171345
2.889862 -3.162881
2.890421 -3.164067
2.890980 -3.155399
2.891537 -3.158345
2.892095 -3.134340
2.892651 -3.167862
2.893207 -3.159934
2.893762 -3.159512
2.894316 -3.178248
2.894870 -3.150752
2.895423 -3.125593
2.895975 -3.113833
2.896526 -3.148703
2.897077 -3.150949
2.897627 -3.141177
2.898176 -3.151808
2.898725 -3.141785
2.899273 -3.135636
2.899821 -3.135678
2.900367 -3.167238
2.900913 -3.173652
2.901458 -3.162284
2.902003 -3.163029
2.902547 -3.149973
2.903090 -3.144320
2.903633 -3.176402
2.904174 -3.188274
2.904716 -3.210845
2.905256 -3.194924
2.905796 -3.131980
2.906335 -3.180054
2.906874 -3.154080
2.907411 -3.133925
2.907949 -3.126577
2.908485 -3.124670
2.909021 -3.117509
2.909556 -3.117686
2.910091 -3.137670
2.910624 -3.178746
2.911158 -3.211761
2.911690 -3.206662
2.912222 -3.185445
2.912753 -3.174779
2.913284 -3.147128
2.913814 -3.165696
2.914343 -3.189648
2.914872 -3.168904
2.915400 -3.175847
2.915927 -3.172295
2.916454 -3.126121
2.916980 -3.107831
2.917506 -3.089945
2.918030 -3.157991
2.918555 -3.181442
2.919078 -3.216738
2.919601 -3.172772
2.920123 -3.196698
2.920645 -3.160278
2.921166 -3.073068
2.921686 -3.088924
2.922206 -3.112732
2.922725 -3.141607
2.923244 -3.168921
2.923762 -3.160049
2.924279 -3.196462
2.924796 -3.203334
2.925312 -3.208215
2.925828 -3.235781
2.926342 -3.262750
2.926857 -3.255775
2.927370 -3.217307
2.927883 -3.205617
2.928396 -3.178147
2.928908 -3.164044
2.929419 -3.176224
2.929930 -3.230424
2.930440 -3.228743
2.930949 -3.221485
2.931458 -3.190444
2.931966 -3.190847
2.932474 -3.164358
2.932981 -3.161496
2.933487 -3.153090
2.933993 -3.162443
2.934498 -3.159737
2.935003 -3.175936
2.935507 -3.198898
2.936011 -3.211586
2.936514 -3.208597
2.937016 -3.199107
2.937518 -3.161997
2.938019 -3.219462
2.938520 -3.195491
2.939020 -3.156670
2.939519 -3.208520
2.940018 -3.188822
2.940516 -3.188629
2.941014 -3.182484
2.941511 -3.205770
2.942008 -3.250424
2.942504 -3.206365
2.943000 -3.183734
2.943495 -3.166668
2.943989 -3.229967
2.944483 -3.253857
2.944976 -3.251249
2.945469 -3.209179
2.945961 -3.214372
2.946452 -3.193902
2.946943 -3.153986
2.947434 -3.163622
2.947924 -3.140398
2.948413 -3.160523
2.948902 -3.171225
2.949390 -3.204522
2.949878 -3.245033
2.950365 -3.294213
2.950851 -3.265833
2.951338 -3.227666
2.951823 -3.242738
2.952308 -3.225802
2.952792 -3.282357
2.953276 -3.262505
2.953760 -3.250490
2.954243 -3.227806
2.954725 -3.230074
2.955207 -3.200277
2.955688 -3.164095
2.956168 -3.148734
2.956649 -3.183483
2.957128 -3.194860
2.957607 -3.217657
2.958086 -3.227713
2.958564 -3.221493
2.959041 -3.232116
2.959518 -3.248956
2.959995 -3.210412
2.960471 -3.181075
2.960946 -3.209258
2.961421 -3.212020
2.961895 -3.243737
2.962369 -3.231450
2.962843 -3.192958
2.963316 -3.232469
2.963788 -3.213914
2.964260 -3.219397
2.964731 -3.191325
2.965202 -3.217218
2.965672 -3.230427
2.966142 -3.234829
2.966611 -3.273030
2.967080 -3.265835
2.967548 -3.278094
2.968016 -3.275463
2.968483 -3.276421
2.968950 -3.242406
2.969416 -3.202330
2.969882 -3.182361
2.970347 -3.157039
2.970812 -3.191137
2.971276 -3.216032
2.971740 -3.233040
2.972203 -3.222289
2.972666 -3.217448
2.973128 -3.211869
2.973590 -3.191753
2.974051 -3.201304
2.974512 -3.208238
2.974972 -3.205739
2.975432 -3.213772
2.975891 -3.239924
2.976350 -3.288787
2.976808 -3.219687
2.977266 -3.240981
2.977724 -3.235595
2.978181 -3.225547
2.978637 -3.224687
2.979093 -3.261745
2.979548 -3.232477
2.980003 -3.245767
2.980458 -3.252493
2.980912 -3.270595
2.981366 -3.240227
2.981819 -3.253865
2.982271 -3.238336
2.982723 -3.262024
2.983175 -3.173222
2.983626 -3.209838
2.984077 -3.183090
2.984527 -3.154263
2.984977 -3.198854
2.985426 -3.232336
2.985875 -3.231483
2.986324 -3.249212
2.986772 -3.269715
2.987219 -3.231922
2.987666 -3.243931
2.988113 -3.226246
2.988559 -3.209211
2.989005 -3.220654
2.989450 -3.176417
2.989895 -3.224274
2.990339 -3.223981
2.990783 -3.205026
2.991226 -3.232775
2.991669 -3.212037
2.992111 -3.188061
2.992554 -3.196410
2.992995 -3.223946
2.993436 -3.254630
2.993877 -3.281439
2.994317 -3.313220
2.994757 -3.322208
2.995196 -3.298982
2.995635 -3.303479
2.996074 -3.334746
2.996512 -3.327366
2.996949 -3.281628
2.997386 -3.290341
2.997823 -3.272757
2.998259 -3.252145
2.998695 -3.276793
2.999131 -3.285835
2.999565 -3.266374
3.000000 -3.233890
3.000434 -3.221003
3.000868 -3.208142
3.001301 -3.186235
3.001734 -3.207153
3.002166 -3.242879
3.002598 -3.268554
3.003029 -3.282870
3.003461 -3.295130
3.003891 -3.258715
3.004321 -3.256259
3.004751 -3.270144
3.005181 -3.284037
3.005609 -3.300837
3.006038 -3.266747
3.006466 -3.256609
3.006894 -3.227815
3.007321 -3.255216
3.007748 -3.257796
3.008174 -3.261932
3.008600 -3.268374
3.009026 -3.272863
3.009451 -3.244378
3.009876 -3.239854
3.010300 -3.243271
3.010724 -3.266543
3.011147 -3.273391
3.011570 -3.272052
3.011993 -3.285722
3.012415 -3.310636
3.012837 -3.297722
3.013259 -3.266510
3.013680 -3.269125
3.014100 -3.254404
3.014521 -3.257206
3.014940 -3.215626
3.015360 -3.207761
3.015779 -3.193479
3.016197 -3.210374
3.016616 -3.212815
3.017033 -3.268130
3.017451 -3.269095
3.017868 -3.286094
3.018284 -3.283307
3.018700 -3.273011
3.019116 -3.255947
3.019532 -3.219513
3.019947 -3.218189
3.020361 -3.221941
3.020775 -3.271969
3.021189 -3.285375
3.021603 -3.299505
3.022016 -3.292403
3.022428 -3.307472
3.022841 -3.290357
3.023252 -3.288431
3.023664 -3.273440
3.024075 -3.237897
3.024486 -3.220472
3.024896 -3.219974
3.025306 -3.252993
3.025715 -3.238791
3.026125 -3.251676
3.026533 -3.291074
3.026942 -3.316175
3.027350 -3.332563
3.027757 -3.331268
3.028164 -3.270355
3.028571 -3.294683
3.028978 -3.266202
3.029384 -3.214357
3.029789 -3.196749
3.030195 -3.235119
3.030600 -3.214914
3.031004 -3.212448
3.031408 -3.206332
3.031812 -3.184311
3.032216 -3.248279
3.032619 -3.289926
3.033021 -3.321203
3.033424 -3.323334
3.033826 -3.323045
3.034227 -3.312780
3.034628 -3.337514
3.035029 -3.337378
3.035430 -3.337654
3.035830 -3.344459
3.036230 -3.315242
3.036629 -3.336425
3.037028 -3.295682
3.037426 -3.308935
3.037825 -3.314300
3.038223 -3.255482
3.038620 -3.278385
3.039017 -3.277030
3.039414 -3.256367
3.039811 -3.274232
3.040207 -3.267037
3.040602 -3.300436
3.040998 -3.289081
3.041393 -3.270075
3.041787 -3.299803
3.042182 -3.343397
3.042576 -3.310724
3.042969 -3.342078
3.043362 -3.297588
3.043755 -3.287490
3.044148 -3.271046
3.044540 -3.286849
3.044932 -3.301477
3.045323 -3.330339
3.045714 -3.354107
3.046105 -3.321626
3.046495 -3.325086
3.046885 -3.323663
3.047275 -3.277479
3.047664 -3.282045
3.048053 -3.289293
3.048442 -3.265698
3.048830 -3.248576
3.049218 -3.229485
3.049606 -3.224331
3.049993 -3.262415
3.050380 -3.304168
3.050766 -3.285812
3.051153 -3.278953
3.051538 -3.319252
3.051924 -3.355404
3.052309 -3.332255
3.052694 -3.319773
3.053078 -3.316602
3.053463 -3.351664
3.053846 -3.330300
3.054230 -3.293161
3.054613 -3.310285
3.054996 -3.316539
3.055378 -3.359646
3.055760 -3.389564
3.056142 -3.343862
3.056524 -3.377121
3.056905 -3.376669
3.057286 -3.360572
3.057666 -3.348345
3.058046 -3.308140
3.058426 -3.303054
3.058805 -3.289538
3.059185 -3.288148
3.059563 -3.232875
3.059942 -3.243109
3.060320 -3.272124
3.060698 -3.276847
3.061075 -3.296906
3.061452 -3.341990
3.061829 -3.362912
3.062206 -3.310264
3.062582 -3.301218
3.062958 -3.340190
3.063333 -3.300475
3.063709 -3.263872
3.064083 -3.246701
3.064458 -3.270133
3.064832 -3.242329
3.065206 -3.232100
3.065580 -3.267774
3.065953 -3.280193
3.066326 -3.300240
3.066699 -3.347190
3.067071 -3.378298
3.067443 -3.393284
3.067815 -3.391308
3.068186 -3.392911
3.068557 -3.374604
3.068928 -3.344898
3.069298 -3.294228
3.069668 -3.288471
3.070038 -3.243412
3.070407 -3.231096
3.070776 -3.256143
3.071145 -3.295176
3.071514 -3.284632
3.071882 -3.332182
3.072250 -3.377685
3.072617 -3.402264
3.072985 -3.381165
3.073352 -3.339821
3.073718 -3.349775
3.074085 -3.361414
3.074451 -3.357921
3.074816 -3.316555
3.075182 -3.334655
3.075547 -3.296611
3.075912 -3.285269
3.076276 -3.344928
3.076640 -3.355405
3.077004 -3.384499
3.077368 -3.361658
3.077731 -3.384539
3.078094 -3.415684
3.078457 -3.391054
3.078819 -3.425018
3.079181 -3.401103
3.079543 -3.384307
3.079904 -3.329815
3.080266 -3.291829
3.080626 -3.296253
3.080987 -3.251204
3.081347 -3.262995
3.081707 -3.253224
3.082067 -3.245426
3.082426 -3.278226
3.082785 -3.256015
3.083144 -3.254086
3.083503 -3.274492
3.083861 -3.284669
3.084219 -3.319678
3.084576 -3.355428
3.084934 -3.344714
3.085291 -3.322278
3.085647 -3.329584
3.086004 -3.353401
3.086360 -3.323546
3.086716 -3.333144
3.087071 -3.350042
3.087426 -3.358958
3.087781 -3.389138
3.088136 -3.406874
3.088490 -3.395111
3.088845 -3.388144
3.089198 -3.388136
3.089552 -3.395427
3.089905 -3.369391
3.090258 -3.408525
3.090611 -3.353035
3.090963 -3.335540
3.091315 -3.361082
3.091667 -3.342252
3.092018 -3.323961
3.092370 -3.307269
3.092721 -3.314366
3.093071 -3.268020
3.093422 -3.312429
3.093772 -3.300331
3.094122 -3.304334
3.094471 -3.293635
3.094820 -3.254980
3.095169 -3.256790
3.095518 -3.276298
3.095866 -3.276999
3.096215 -3.302547
3.096562 -3.330005
3.096910 -3.293470
3.097257 -3.278299
3.097604 -3.272226
3.097951 -3.306547
3.098298 -3.327464
3.098644 -3.348880
3.098990 -3.376249
3.099335 -3.380650
3.099681 -3.368152
3.100026 -3.388196
3.100371 -3.409087
3.100715 -3.371761
3.101059 -3.363317
3.101403 -3.333860
3.101747 -3.297384
3.102091 -3.321447
3.102434 -3.340463
3.102777 -3.336082
3.103119 -3.316934
3.103462 -3.331717
3.103804 -3.371810
3.104146 -3.371774
3.104487 -3.361104
3.104828 -3.340750
3.105169 -3.315928
3.105510 -3.336588
3.105851 -3.382349
3.106191 -3.387024
3.106531 -3.376040
3.106871 -3.367113
3.107210 -3.358647
3.107549 -3.361677
3.107888 -3.341468
3.108227 -3.358448
3.108565 -3.333523
3.108903 -3.362054
3.109241 -3.373173
3.109579 -3.396536
3.109916 -3.399002
3.110253 -3.397168
3.110590 -3.428274
3.110926 -3.355893
3.111263 -3.310301
3.111599 -3.331592
3.111934 -3.344180
3.112270 -3.332600
3.112605 -3.350403
3.112940 -3.343717
3.113275 -3.317985
3.113609 -3.348714
3.113943 -3.328638
3.114277 -3.319071
3.114611 -3.342896
3.114944 -3.338399
3.115278 -3.384126
3.115611 -3.398845
3.115943 -3.413654
3.116276 -3.450860
3.116608 -3.424934
3.116940 -3.400458
3.117271 -3.386754
3.117603 -3.384283
3.117934 -3.359219
3.118265 -3.395995
3.118595 -3.351296
3.118926 -3.342178
3.119256 -3.323278
3.119586 -3.279751
3.119915 -3.310754
3.120245 -3.319189
3.120574 -3.307427
3.120903 -3.320985
3.121231 -3.319713
3.121560 -3.317037
3.121888 -3.357070
3.122216 -3.386592
3.122544 -3.406017
3.122871 -3.397902
3.123198 -3.415060
3.123525 -3.407532
3.123852 -3.369095
3.124178 -3.361286
3.124504 -3.356781
3.124830 -3.355530
3.125156 -3.364466
3.125481 -3.372036
3.125806 -3.371987
3.126131 -3.380883
3.126456 -3.361053
3.126781 -3.409346
3.127105 -3.377803
3.127429 -3.338692
3.127753 -3.316913
3.128076 -3.332617
3.128399 -3.359400
3.128722 -3.390065
3.129045 -3.386844
3.129368 -3.342826
3.129690 -3.367845
3.130012 -3.357873
3.130334 -3.345314
3.130655 -3.350880
3.130977 -3.342761
3.131298 -3.339756
3.131619 -3.319852
3.131939 -3.311080
3.132260 -3.323299
3.132580 -3.313488
3.132900 -3.341066
3.133219 -3.349028
3.133539 -3.364460
3.133858 -3.320429
3.134177 -3.336751
3.134496 -3.315531
3.134814 -3.323931
3.135133 -3.333490
3.135451 -3.359305
3.135769 -3.383373
3.136086 -3.397314
3.136403 -3.347415
3.136721 -3.367547
3.137037 -3.361559
3.137354 -3.392658
3.137671 -3.393516
3.137987 -3.413574
3.138303 -3.400314
3.138618 -3.408460
3.138934 -3.397533
3.139249 -3.420534
3.139564 -3.408126
3.139879 -3.422415
3.140194 -3.426164
3.140508 -3.403549
3.140822 -3.405933
3.141136 -3.409387
3.141450 -3.391621
3.141763 -3.386313
3.142076 -3.382356
3.142389 -3.375679
3.142702 -3.353629
3.143015 -3.335653
3.143327 -3.393686
3.143639 -3.404058
3.143951 -3.381169
3.144263 -3.383302
3.144574 -3.401796
3.144885 -3.429318
3.145196 -3.427181
3.145507 -3.427525
3.145818 -3.409864
3.146128 -3.409001
3.146438 -3.368870
3.146748 -3.405641
3.147058 -3.418286
3.147367 -3.423848
3.147676 -3.445215
3.147985 -3.401768
3.148294 -3.400605
3.148603 -3.397012
3.148911 -3.370452
3.149219 -3.343403
3.149527 -3.324809
3.149835 -3.328439
3.150142 -3.355691
3.150449 -3.336254
3.150756 -3.332741
3.151063 -3.357262
3.151370 -3.387308
3.151676 -3.379567
3.151982 -3.415575
3.152288 -3.441320
3.152594 -3.460851
3.152900 -3.442515
3.153205 -3.402361
3.153510 -3.417228
3.153815 -3.414446
3.154120 -3.432545
3.154424 -3.418800
3.154728 -3.401146
3.155032 -3.419014
3.155336 -3.400013
3.155640 -3.367283
3.155943 -3.329982
3.156246 -3.311464
3.156549 -3.298361
3.156852 -3.304954
3.157154 -3.367431
3.157457 -3.352149
3.157759 -3.296746
3.158061 -3.292152
3.158362 -3.333214
3.158664 -3.357267
3.158965 -3.357021
3.159266 -3.348555
3.159567 -3.346612
3.159868 -3.360857
3.160168 -3.372882
3.160469 -3.393748
3.160769 -3.380105
3.161068 -3.389840
3.161368 -3.385066
3.161667 -3.347623
3.161967 -3.329525
3.162266 -3.334822
3.162564 -3.338506
3.162863 -3.378964
3.163161 -3.362163
3.163460 -3.385207
3.163758 -3.428191
3.164055 -3.462949
3.164353 -3.462489
3.164650 -3.443636
3.164947 -3.456405
3.165244 -3.476746
3.165541 -3.489135
3.165838 -3.517927
3.166134 -3.539806
3.166430 -3.540730
3.166726 -3.531500
3.167022 -3.522569
3.167317 -3.502045
3.167613 -3.474520
3.167908 -3.450556
3.168203 -3.411298
3.168497 -3.413094
3.168792 -3.377658
3.169086 -3.369905
3.169380 -3.386883
3.169674 -3.382349
3.169968 -3.411191
3.170262 -3.403271
3.170555 -3.442131
3.170848 -3.421552
3.171141 -3.407104
3.171434 -3.443987
3.171726 -3.402018
3.172019 -3.413393
3.172311 -3.399468
3.172603 -3.423561
3.172895 -3.408568
3.173186 -3.437841
3.173478 -3.426864
3.173769 -3.421102
3.174060 -3.386182
3.174351 -3.370394
3.174641 -3.379927
3.174932 -3.370134
3.175222 -3.338557
3.175512 -3.323870
3.175802 -3.306121
3.176091 -3.292353
3.176381 -3.306465
3.176670 -3.321604
3.176959 -3.315616
3.177248 -3.332553
3.177536 -3.350406
3.177825 -3.340081
3.178113 -3.361707
3.178401 -3.383201
3.178689 -3.396112
3.178977 -3.404834
3.179264 -3.394132
3.179552 -3.418464
3.179839 -3.425488
3.180126 -3.430158
3.180413 -3.446628
3.180699 -3.429015
3.180986 -3.418953
3.181272 -3.424497
3.181558 -3.432879
3.181844 -3.426926
3.182129 -3.407891
3.182415 -3.397502
3.182700 -3.385183
3.182985 -3.387132
3.183270 -3.394035
3.183555 -3.397197
3.183839 -3.405679
3.184123 -3.433210
3.184407 -3.413527
3.184691 -3.405063
3.184975 -3.388177
3.185259 -3.350020
3.185542 -3.339809
3.185825 -3.368069
3.186108 -3.370514
3.186391 -3.416610
3.186674 -3.438261
3.186956 -3.425446
3.187239 -3.462087
3.187521 -3.449619
3.187803 -3.468152
3.188084 -3.476879
3.188366 -3.480063
3.188647 -3.459571
3.188928 -3.473384
3.189209 -3.477593
3.189490 -3.489182
3.189771 -3.509659
3.190051 -3.494860
3.190332 -3.513432
3.190612 -3.485122
3.190892 -3.475587
3.191171 -3.441287
3.191451 -3.463314
3.191730 -3.463914
3.192010 -3.454264
3.192289 -3.439527
3.192567 -3.438969
3.192846 -3.426835
3.193125 -3.410479
3.193403 -3.436826
3.193681 -3.433553
3.193959 -3.437687
3.194237 -3.442944
3.194514 -3.442690
3.194792 -3.452381
3.195069 -3.444622
3.195346 -3.422558
3.195623 -3.435891
3.195900 -3.406772
3.196176 -3.374635
3.196453 -3.381697
3.196729 -3.401782
3.197005 -3.414287
3.197281 -3.428051
3.197556 -3.422713
3.197832 -3.422379
3.198107 -3.418584
3.198382 -3.421830
3.198657 -3.416458
3.198932 -3.420535
3.199206 -3.390329
3.199481 -3.379062
3.199755 -3.367429
3.200029 -3.367395
3.200303 -3.364420
3.200577 -3.382693
3.200850 -3.373349
3.201124 -3.407725
3.201397 -3.416721
3.201670 -3.409390
3.201943 -3.422875
3.202216 -3.417050
3.202488 -3.417291
3.202761 -3.405984
3.203033 -3.420345
3.203305 -3.387258
3.203577 -3.445781
3.203848 -3.491787
3.204120 -3.454360
3.204391 -3.444940
3.204663 -3.463596
3.204934 -3.449474
3.205204 -3.462208
3.205475 -3.481781
3.205746 -3.483103
3.206016 -3.493261
3.206286 -3.522854
3.206556 -3.478689
3.206826 -3.437026
3.207096 -3.467394
3.207365 -3.485682
3.207634 -3.444502
3.207904 -3.454938
3.208173 -3.449794
3.208441 -3.443394
3.208710 -3.437989
3.208979 -3.484203
3.209247 -3.478837
3.209515 -3.443898
3.209783 -3.468057
3.210051 -3.448747
3.210319 -3.453720
3.210586 -3.488821
3.210853 -3.479307
3.211121 -3.506138
3.211388 -3.528487
3.211654 -3.547820
3.211921 -3.560735
3.212188 -3.544708
3.212454 -3.554484
3.212720 -3.585094
3.212986 -3.568800
3.213252 -3.588321
3.213518 -3.570224
3.213783 -3.556757
3.214049 -3.500684
3.214314 -3.486237
3.214579 -3.515616
3.214844 -3.489989
3.215109 -3.495882
3.215373 -3.508789
3.215638 -3.504576
3.215902 -3.515244
3.216166 -3.494843
3.216430 -3.471359
3.216694 -3.492474
3.216957 -3.458094
3.217221 -3.458606
3.217484 -3.420825
3.217747 -3.435617
3.218010 -3.448961
3.218273 -3.467607
3.218536 -3.461879
3.218798 -3.485510
3.219060 -3.513345
3.219323 -3.479561
3.219585 -3.479280
3.219846 -3.469640
3.220108 -3.469244
3.220370 -3.492919
3.220631 -3.459009
3.220892 -3.481575
3.221153 -3.511227
3.221414 -3.494643
3.221675 -3.468739
3.221936 -3.446099
3.222196 -3.430386
3.222456 -3.422369
3.222716 -3.431695
3.222976 -3.444512
3.223236 -3.439072
3.223496 -3.446031
3.223755 -3.484221
3.224015 -3.516602
3.224274 -3.508319
3.224533 -3.500158
3.224792 -3.493342
3.225051 -3.517155
3.225309 -3.508466
3.225568 -3.492098
3.225826 -3.507594
3.226084 -3.499661
3.226342 -3.501389
3.226600 -3.504368
3.226858 -3.497910
3.227115 -3.514723
3.227372 -3.544481
3.227630 -3.536572
3.227887 -3.546596
3.228144 -3.530811
3.228400 -3.506965
3.228657 -3.496478
3.228913 -3.517414
3.229170 -3.502499
3.229426 -3.475945
3.229682 -3.463258
3.229938 -3.472603
3.230193 -3.407200
3.230449 -3.426679
3.230704 -3.468567
3.230960 -3.471791
3.231215 -3.487696
3.231470 -3.478141
3.231724 -3.490162
3.231979 -3.476496
3.232234 -3.441667
3.232488 -3.452576
3.232742 -3.441027
3.232996 -3.474991
3.233250 -3.470643
3.233504 -3.477304
3.233757 -3.474507
3.234011 -3.496293
3.234264 -3.501440
3.234517 -3.489774
3.234770 -3.506479
3.235023 -3.511383
3.235276 -3.532734
3.235528 -3.528360
3.235781 -3.530360
3.236033 -3.534258
3.236285 -3.549886
3.236537 -3.525713
3.236789 -3.556830
3.237041 -3.595833
3.237292 -3.594775
3.237544 -3.570518
3.237795 -3.560287
3.238046 -3.569998
3.238297 -3.516657
3.238548 -3.516906
3.238799 -3.507936
3.239049 -3.549408
3.239299 -3.554705
3.239550 -3.530759
3.239800 -3.500035
3.240050 -3.509165
3.240300 -3.526485
3.240549 -3.527102
3.240799 -3.508839
3.241048 -3.466213
3.241297 -3.500973
3.241546 -3.509871
3.241795 -3.518051
3.242044 -3.500361
3.242293 -3.496986
3.242541 -3.508182
3.242790 -3.533685
3.243038 -3.555694
3.243286 -3.551136
3.243534 -3.522649
3.243782 -3.516717
3.244030 -3.532289
3.244277 -3.512731
3.244525 -3.491531
3.244772 -3.490541
3.245019 -3.487348
3.245266 -3.476949
3.245513 -3.483514
3.245759 -3.478149
3.246006 -3.475656
3.246252 -3.439570
3.246499 -3.436733
3.246745 -3.454199
3.246991 -3.456038
3.247237 -3.469576
3.247482 -3.443557
3.247728 -3.450534
3.247973 -3.450565
3.248219 -3.477657
3.248464 -3.474173
3.248709 -3.480460
3.248954 -3.483402
3.249198 -3.461609
3.249443 -3.469754
3.249687 -3.482991
3.249932 -3.503586
3.250176 -3.518680
3.250420 -3.498429
3.250664 -3.535622
3.250908 -3.557297
3.251151 -3.579101
3.251395 -3.584693
3.251638 -3.551931
3.251881 -3.538138
3.252125 -3.518742
3.252368 -3.523832
3.252610 -3.528143
3.252853 -3.529433
3.253096 -3.517763
3.253338 -3.494688
3.253580 -3.517293
3.253822 -3.540037
3.254064 -3.538103
3.254306 -3.532897
3.254548 -3.537993
3.254790 -3.554379
3.255031 -3.573253
3.255273 -3.535221
3.255514 -3.549877
3.255755 -3.557935
3.255996 -3.555850
3.256237 -3.552612
3.256477 -3.573770
3.256718 -3.541317
3.256958 -3.517764
3.257198 -3.558665
3.257439 -3.566869
3.257679 -3.605932
3.257918 -3.593399
3.258158 -3.599101
3.258398 -3.588992
3.258637 -3.589819
3.258877 -3.568781
3.259116 -3.576964
3.259355 -3.565878
3.259594 -3.526502
3.259833 -3.534015
3.260071 -3.545998
3.260310 -3.550190
3.260548 -3.546309
3.260787 -3.536059
3.261025 -3.530478
3.261263 -3.494916
3.261501 -3.488245
3.261739 -3.479479
3.261976 -3.503069
3.262214 -3.497926
3.262451 -3.475362
3.262688 -3.472075
3.262925 -3.507298
3.263162 -3.518813
3.263399 -3.527833
3.263636 -3.536185
3.263873 -3.543542
3.264109 -3.546174
3.264346 -3.540898
3.264582 -3.525885
3.264818 -3.526308
3.265054 -3.547619
3.265290 -3.514897
3.265525 -3.480927
3.265761 -3.493371
3.265996 -3.498134
3.266232 -3.539965
3.266467 -3.555752
3.266702 -3.545175
3.266937 -3.565080
3.267172 -3.551225
3.267406 -3.591754
3.267641 -3.607098
3.267875 -3.634699
3.268110 -3.651350
3.268344 -3.647961
3.268578 -3.607552
3.268812 -3.585104
3.269046 -3.579613
3.269279 -3.572536
3.269513 -3.572594
3.269746 -3.512932
3.269980 -3.498502
3.270213 -3.502231
3.270446 -3.507032
3.270679 -3.471663
3.270912 -3.437711
3.271144 -3.427866
3.271377 -3.431965
3.271609 -3.447833
3.271842 -3.482985
3.272074 -3.481485
3.272306 -3.481433
3.272538 -3.491756
3.272770 -3.478692
3.273001 -3.481510
3.273233 -3.474244
3.273464 -3.474355
3.273696 -3.469546
3.273927 -3.466995
3.274158 -3.455970
3.274389 -3.459309
3.274620 -3.465906
3.274850 -3.488018
3.275081 -3.477734
3.275311 -3.513688
3.275542 -3.493172
3.275772 -3.505064
3.276002 -3.499024
3.276232 -3.501103
3.276462 -3.532583
3.276692 -3.527112
3.276921 -3.522114
3.277151 -3.515535
3.277380 -3.523922
3.277609 -3.487224
3.277838 -3.484441
3.278067 -3.485773
3.278296 -3.479187
3.278525 -3.459427
3.278754 -3.458810
3.278982 -3.482196
3.279211 -3.484631
3.279439 -3.473902
3.279667 -3.491295
3.279895 -3.499867
3.280123 -3.528079
3.280351 -3.515417
3.280578 -3.501699
3.280806 -3.512289
3.281033 -3.520413
3.281261 -3.512758
3.281488 -3.497202
3.281715 -3.541878
3.281942 -3.549954
3.282169 -3.556753
3.282396 -3.548934
3.282622 -3.535325
3.282849 -3.552793
3.283075 -3.561039
3.283301 -3.575799
3.283527 -3.641216
3.283753 -3.620087
3.283979 -3.608020
3.284205 -3.616297
3.284431 -3.630515
3.284656 -3.648876
3.284882 -3.690356
3.285107 -3.693089
3.285332 -3.712420
3.285557 -3.699242
3.285782 -3.681083
3.286007 -3.667572
3.286232 -3.682322
3.286456 -3.695533
3.286681 -3.683265
3.286905 -3.645457
3.287130 -3.606973
3.287354 -3.610705
3.287578 -3.594037
3.287802 -3.627830
3.288026 -3.630071
3.288249 -3.608395
3.288473 -3.626251
3.288696 -3.582838
3.288920 -3.554398
3.289143 -3.552009
3.289366 -3.534840
3.289589 -3.557603
3.289812 -3.551332
3.290035 -3.512752
3.290257 -3.490646
3.290480 -3.488464
3.290702 -3.516949
3.290925 -3.536959
3.291147 -3.564447
3.291369 -3.589505
3.291591 -3.590447
3.291813 -3.603550
3.292034 -3.619922
3.292256 -3.613528
3.292478 -3.557088
3.292699 -3.570167
3.292920 -3.576164
3.293141 -3.561134
3.293363 -3.566337
3.293584 -3.583034
3.293804 -3.598481
3.294025 -3.601256
3.294246 -3.597423
3.294466 -3.563272
3.294687 -3.570632
3.294907 -3.572045
3.295127 -3.588513
3.295347 -3.594518
3.295567 -3.589605
3.295787 -3.583217
3.296007 -3.572408
3.296226 -3.546878
3.296446 -3.534218
3.296665 -3.518486
3.296884 -3.530930
3.297104 -3.556435
3.297323 -3.558801
3.297542 -3.571368
3.297761 -3.545425
3.297979 -3.568586
3.298198 -3.591735
3.298416 -3.553247
3.298635 -3.560559
3.298853 -3.540642
3.299071 -3.528898
3.299289 -3.513642
3.299507 -3.509038
3.299725 -3.532769
3.299943 -3.561755
3.300161 -3.541737
3.300378 -3.533154
3.300595 -3.537425
3.300813 -3.554271
3.301030 -3.513813
3.301247 -3.506587
3.301464 -3.531177
3.301681 -3.502381
3.301898 -3.492178
3.302114 -3.501904
3.302331 -3.520331
3.302547 -3.523148
3.302764 -3.539952
3.302980 -3.541736
3.303196 -3.553232
3.303412 -3.550481
3.303628 -3.543066
3.303844 -3.548531
3.304059 -3.544433
3.304275 -3.549895
3.304491 -3.552889
3.304706 -3.549854
3.304921 -3.527162
3.305136 -3.511271
3.305351 -3.513737
3.305566 -3.479656
3.305781 -3.510127
3.305996 -3.528878
3.306211 -3.553275
3.306425 -3.565873
3.306639 -3.566332
3.306854 -3.548338
3.307068 -3.543366
3.307282 -3.545380
3.307496 -3.539064
3.307710 -3.509935
3.307924 -3.507168
3.308137 -3.522008
3.308351 -3.533349
3.308564 -3.539355
3.308778 -3.592372
3.308991 -3.612292
3.309204 -3.584447
3.309417 -3.574884
3.309630 -3.572247
3.309843 -3.575448
3.310056 -3.546354
3.310268 -3.569298
3.310481 -3.546353
3.310693 -3.536947
3.310906 -3.544065
3.311118 -3.543889
3.311330 -3.560089
3.311542 -3.587063
3.311754 -3.594523
3.311966 -3.609932
3.312177 -3.623863
3.312389 -3.604153
3.312600 -3.590681
3.312812 -3.600010
3.313023 -3.588315
3.313234 -3.564426
3.313445 -3.564314
3.313656 -3.585156
3.313867 -3.591128
3.314078 -3.575897
3.314289 -3.566882
3.314499 -3.558798
3.314710 -3.554938
3.314920 -3.538151
3.315130 -3.531708
3.315340 -3.554919
3.315551 -3.513943
3.315760 -3.514794
3.315970 -3.517586
3.316180 -3.529104
3.316390 -3.539731
3.316599 -3.554937
3.316809 -3.561018
3.317018 -3.570972
3.317227 -3.577564
3.317436 -3.587631
3.317646 -3.585562
3.317854 -3.578643
3.318063 -3.617466
3.318272 -3.625537
3.318481 -3.643504
3.318689 -3.643263
3.318898 -3.650878
3.319106 -3.638746
3.319314 -3.648500
3.319522 -3.683181
3.319730 -3.655562
3.319938 -3.635550
3.320146 -3.627058
3.320354 -3.602400
3.320562 -3.621035
3.320769 -3.629124
3.320977 -3.622135
3.321184 -3.619534
3.321391 -3.641126
3.321598 -3.645607
3.321805 -3.617773
3.322012 -3.619067
3.322219 -3.617094
3.322426 -3.615081
3.322633 -3.619082
3.322839 -3.615746
3.323046 -3.620009
3.323252 -3.615795
3.323458 -3.624167
3.323665 -3.610424
3.323871 -3.609695
3.324077 -3.625976
3.324282 -3.624067
3.324488 -3.601160
3.324694 -3.601946
3.324899 -3.570404
3.325105 -3.569743
3.325310 -3.539614
3.325516 -3.530045
3.325721 -3.520333
3.325926 -3.510049
3.326131 -3.535284
3.326336 -3.526009
3.326541 -3.511179
3.326745 -3.495944
3.326950 -3.483118
3.327155 -3.504856
3.327359 -3.528446
3.327563 -3.543199
3.327767 -3.565792
3.327972 -3.589494
3.328176 -3.581704
3.328380 -3.550225
3.328583 -3.552999
3.328787 -3.560636
3.328991 -3.566032
3.329194 -3.545064
3.329398 -3.548089
3.329601 -3.554736
3.329805 -3.613160
3.330008 -3.626884
3.330211 -3.634828
3.330414 -3.633223
3.330617 -3.624908
3.330819 -3.640138
3.331022 -3.636002
3.331225 -3.622729
3.331427 -3.591209
3.331630 -3.576612
3.331832 -3.558782
3.332034 -3.546082
3.332236 -3.531619
3.332438 -3.535044
3.332640 -3.500520
3.332842 -3.492983
3.333044 -3.508203
3.333246 -3.554054
3.333447 -3.559739
3.333649 -3.570068
3.333850 -3.589284
3.334051 -3.567799
3.334253 -3.562924
3.334454 -3.567184
3.334655 -3.560438
3.334856 -3.557651
3.335057 -3.566760
3.335257 -3.558392
3.335458 -3.578166
3.335658 -3.600057
3.335859 -3.614149
3.336059 -3.631824
3.336260 -3.641461
3.336460 -3.625153
3.336660 -3.611743
3.336860 -3.632593
3.337060 -3.629544
3.337260 -3.651904
3.337459 -3.675373
3.337659 -3.651347
3.337858 -3.633942
3.338058 -3.613588
3.338257 -3.603488
3.338456 -3.621729
3.338656 -3.616075
3.338855 -3.633337
3.339054 -3.621327
3.339253 -3.609932
3.339451 -3.626531
3.339650 -3.615510
3.339849 -3.647691
3.340047 -3.666431
3.340246 -3.678556
3.340444 -3.668090
3.340642 -3.670165
3.340841 -3.690246
3.341039 -3.673484
3.341237 -3.660158
3.341435 -3.665963
3.341632 -3.667239
3.341830 -3.666240
3.342028 -3.662913
3.342225 -3.650654
3.342423 -3.623659
3.342620 -3.618586
3.342817 -3.609117
3.343014 -3.622312
3.343212 -3.616157
3.343409 -3.585880
3.343606 -3.576101
3.343802 -3.589465
3.343999 -3.603360
3.344196 -3.582474
3.344392 -3.583011
3.344589 -3.569899
3.344785 -3.543699
3.344981 -3.547680
3.345178 -3.553096
3.345374 -3.575628
3.345570 -3.580192
3.345766 -3.582455
3.345962 -3.586647
3.346157 -3.623811
3.346353 -3.628922
3.346549 -3.661094
3.346744 -3.631190
3.346939 -3.621426
3.347135 -3.641263
3.347330 -3.661414
3.347525 -3.669209
3.347720 -3.656555
3.347915 -3.653420
3.348110 -3.634163
3.348305 -3.645332
3.348500 -3.649851
3.348694 -3.659752
3.348889 -3.660817
3.349083 -3.663317
3.349278 -3.652271
3.349472 -3.635076
3.349666 -3.646569
3.349860 -3.675028
3.350054 -3.639930
3.350248 -3.646998
3.350442 -3.655716
3.350636 -3.673461
3.350829 -3.675449
3.351023 -3.667094
3.351216 -3.644387
3.351410 -3.653958
3.351603 -3.663629
3.351796 -3.656649
3.351989 -3.658538
3.352183 -3.645512
3.352375 -3.647738
3.352568 -3.641464
3.352761 -3.656091
3.352954 -3.674523
3.353147 -3.683677
3.353339 -3.682061
3.353532 -3.687408
3.353724 -3.664500
3.353916 -3.638947
3.354108 -3.628685
3.354301 -3.605189
3.354493 -3.609096
3.354685 -3.603511
3.354876 -3.617712
3.355068 -3.624946
3.355260 -3.604195
3.355452 -3.599660
3.355643 -3.582022
3.355834 -3.571362
3.356026 -3.566690
3.356217 -3.580410
3.356408 -3.608830
3.356599 -3.631451
3.356790 -3.632757
3.356981 -3.639035
3.357172 -3.603250
3.357363 -3.635200
3.357554 -3.650765
3.357744 -3.628329
3.357935 -3.621663
3.358125 -3.628859
3.358316 -3.616523
3.358506 -3.632378
3.358696 -3.630577
3.358886 -3.627774
3.359076 -3.636561
3.359266 -3.666048
3.359456 -3.646261
3.359646 -3.660813
3.359835 -3.665131
3.360025 -3.661546
3.360215 -3.661783
3.360404 -3.684179
3.360593 -3.642951
3.360783 -3.658148
3.360972 -3.662399
3.361161 -3.651838
3.361350 -3.602592
3.361539 -3.584331
3.361728 -3.597373
3.361917 -3.626904
3.362105 -3.635649
3.362294 -3.643458
3.362482 -3.657237
3.362671 -3.650098
3.362859 -3.649043
3.363048 -3.635573
3.363236 -3.638112
3.363424 -3.604055
3.363612 -3.584939
3.363800 -3.602355
3.363988 -3.617703
3.364176 -3.622693
3.364363 -3.576033
3.364551 -3.562612
3.364739 -3.532396
3.364926 -3.528195
3.365113 -3.531013
3.365301 -3.548892
3.365488 -3.560348
3.365675 -3.522789
3.365862 -3.524212
3.366049 -3.514410
3.366236 -3.502608
3.366423 -3.524728
3.366610 -3.543607
3.366796 -3.560092
3.366983 -3.563400
3.367169 -3.586516
3.367356 -3.568214
3.367542 -3.601022
3.367729 -3.623702
3.367915 -3.626295
3.368101 -3.616793
3.368287 -3.631916
3.368473 -3.616776
3.368659 -3.609556
3.368845 -3.624145
3.369030 -3.629975
3.369216 -3.630934
3.369401 -3.647933
3.369587 -3.654774
3.369772 -3.663301
3.369958 -3.656346
3.370143 -3.672771
3.370328 -3.651310
3.370513 -3.664101
3.370698 -3.680989
3.370883 -3.678313
3.371068 -3.680685
3.371253 -3.692474
3.371437 -3.683754
3.371622 -3.685036
3.371806 -3.664288
3.371991 -3.672455
3.372175 -3.654723
3.372360 -3.648219
3.372544 -3.644450
3.372728 -3.666437
3.372912 -3.690095
3.373096 -3.702364
3.373280 -3.717366
3.373464 -3.712836
3.373647 -3.714843
3.373831 -3.723636
3.374015 -3.733185
3.374198 -3.719350
3.374382 -3.697527
3.374565 -3.698155
3.374748 -3.669711
3.374932 -3.670461
3.375115 -3.680707
3.375298 -3.672392
3.375481 -3.676341
3.375664 -3.660592
3.375846 -3.648341
3.376029 -3.655063
3.376212 -3.654584
3.376394 -3.658715
3.376577 -3.664573
3.376759 -3.672822
3.376942 -3.671012
3.377124 -3.666272
3.377306 -3.670807
3.377488 -3.688106
3.377670 -3.692849
3.377852 -3.682415
3.378034 -3.705418
3.378216 -3.683677
3.378398 -3.667242
3.378580 -3.651713
3.378761 -3.686391
3.378943 -3.698156
3.379124 -3.686771
3.379306 -3.683406
3.379487 -3.649531
3.379668 -3.663643
3.379849 -3.673892
3.380030 -3.684475
3.380211 -3.661788
3.380392 -3.677602
3.380573 -3.682081
3.380754 -3.694023
3.380934 -3.709526
3.381115 -3.716975
3.381296 -3.735471
3.381476 -3.766363
3.381656 -3.768737
3.381837 -3.790753
3.382017 -3.804263
3.382197 -3.813555
3.382377 -3.793663
3.382557 -3.810546
3.382737 -3.768840
3.382917 -3.751402
3.383097 -3.758335
3.383277 -3.765363
3.383456 -3.739206
3.383636 -3.726949
3.383815 -3.709092
3.383995 -3.709296
3.384174 -3.709229
3.384353 -3.680185
3.384533 -3.662713
3.384712 -3.674532
3.384891 -3.670737
3.385070 -3.675001
3.385249 -3.688583
3.385428 -3.676987
3.385606 -3.652180
3.385785 -3.639168
3.385964 -3.659970
3.386142 -3.612734
3.386321 -3.620207
3.386499 -3.586219
3.386677 -3.567028
3.386856 -3.566392
3.387034 -3.582641
3.387212 -3.589617
3.387390 -3.599830
3.387568 -3.624563
3.387746 -3.629833
3.387923 -3.644199
3.388101 -3.633117
3.388279 -3.646798
3.388456 -3.643420
3.388634 -3.665007
3.388811 -3.680108
3.388989 -3.658860
3.389166 -3.633949
3.389343 -3.612725
3.389520 -3.613938
3.389698 -3.618893
3.389875 -3.615506
3.390051 -3.600923
3.390228 -3.577153
3.390405 -3.562872
3.390582 -3.583125
3.390759 -3.555735
3.390935 -3.562861
3.391112 -3.589332
3.391288 -3.625907
3.391464 -3.594674
3.391641 -3.581046
3.391817 -3.594462
3.391993 -3.600813
3.392169 -3.606720
3.392345 -3.623347
3.392521 -3.619921
3.392697 -3.661174
3.392873 -3.669658
3.393048 -3.675423
3.393224 -3.669415
3.393400 -3.650916
3.393575 -3.602074
3.393751 -3.629143
3.393926 -3.650206
3.394101 -3.657936
3.394277 -3.676982
3.394452 -3.686491
3.394627 -3.674115
3.394802 -3.704227
3.394977 -3.691522
3.395152 -3.693526
3.395326 -3.677523
3.395501 -3.686488
3.395676 -3.677696
3.395850 -3.650856
3.396025 -3.657865
3.396199 -3.645531
3.396374 -3.643047
3.396548 -3.638197
3.396722 -3.657062
3.396896 -3.637867
3.397071 -3.617295
3.397245 -3.628790
3.397419 -3.651942
3.397592 -3.650531
3.397766 -3.623967
3.397940 -3.639690
3.398114 -3.638534
3.398287 -3.622601
3.398461 -3.620391
3.398634 -3.610707
3.398808 -3.606456
3.398981 -3.618212
3.399154 -3.590853
3.399328 -3.607805
3.399501 -3.595866
3.399674 -3.607230
3.399847 -3.611514
3.400020 -3.628426
3.400192 -3.645274
3.400365 -3.633343
3.400538 -3.629511
3.400711 -3.613315
3.400883 -3.629089
3.401056 -3.657071
3.401228 -3.621077
3.401401 -3.615155
3.401573 -3.605217
3.401745 -3.594759
3.401917 -3.605728
3.402089 -3.613579
3.402261 -3.603429
3.402433 -3.599280
3.402605 -3.615876
3.402777 -3.598659
3.402949 -3.595424
3.403121 -3.614120
3.403292 -3.645961
3.403464 -3.679778
3.403635 -3.684531
3.403807 -3.716233
3.403978 -3.717021
3.404149 -3.724771
3.404320 -3.734547
3.404492 -3.743978
3.404663 -3.751251
3.404834 -3.748007
3.405005 -3.742809
3.405176 -3.727594
3.405346 -3.733828
3.405517 -3.736773
3.405688 -3.734238
3.405858 -3.713140
3.406029 -3.731682
3.406199 -3.713115
3.406370 -3.702559
3.406540 -3.716766
3.406710 -3.718077
3.406881 -3.704647
3.407051 -3.705512
3.407221 -3.700167
3.407391 -3.678554
3.407561 -3.703384
3.407731 -3.716329
3.407901 -3.682485
3.408070 -3.668205
3.408240 -3.680264
3.408410 -3.651404
3.408579 -3.650067
3.408749 -3.649543
3.408918 -3.628879
3.409087 -3.655163
3.409257 -3.664058
3.409426 -3.634318
3.409595 -3.626329
3.409764 -3.624191
3.409933 -3.631262
3.410102 -3.616336
3.410271 -3.618385
3.410440 -3.645705
3.410609 -3.635399
3.410777 -3.638485
3.410946 -3.645352
3.411114 -3.640593
3.411283 -3.642600
3.411451 -3.656362
3.411620 -3.655134
3.411788 -3.615546
3.411956 -3.618542
3.412124 -3.609881
3.412293 -3.594042
3.412461 -3.588971
3.412629 -3.607572
3.412796 -3.621011
3.412964 -3.622083
3.413132 -3.615613
3.413300 -3.613502
3.413467 -3.634000
3.413635 -3.628871
3.413803 -3.636433
3.413970 -3.649521
3.414137 -3.644805
3.414305 -3.654468
3.414472 -3.647422
3.414639 -3.649141
3.414806 -3.648307
3.414973 -3.657980
3.415140 -3.686357
3.415307 -3.686423
3.415474 -3.716361
3.415641 -3.720410
3.415808 -3.717621
3.415974 -3.739046
3.416141 -3.738971
3.416308 -3.768336
3.416474 -3.775555
3.416641 -3.784318
3.416807 -3.781156
3.416973 -3.768634
3.417139 -3.767058
3.417306 -3.777691
3.417472 -3.772334
3.417638 -3.776065
3.417804 -3.759907
3.417970 -3.766878
3.418135 -3.753832
3.418301 -3.795215
3.418467 -3.789124
3.418633 -3.805033
3.418798 -3.798883
3.418964 -3.833013
3.419129 -3.812802
3.419295 -3.802161
3.419460 -3.783910
3.419625 -3.761387
3.419791 -3.771588
3.419956 -3.746423
3.420121 -3.742742
3.420286 -3.765833
3.420451 -3.766053
3.420616 -3.754335
3.420781 -3.768200
3.420945 -3.767301
3.421110 -3.775101
3.421275 -3.769190
3.421439 -3.750798
3.421604 -3.741077
3.421768 -3.750047
3.421933 -3.745752
3.422097 -3.748464
3.422261 -3.727058
3.422426 -3.735526
3.422590 -3.735705
3.422754 -3.730242
3.422918 -3.776671
3.423082 -3.769067
3.423246 -3.785361
3.423410 -3.779469
3.423574 -3.763130
3.423737 -3.772336
3.423901 -3.758685
3.424065 -3.719386
3.424228 -3.716613
3.424392 -3.695604
3.424555 -3.717999
3.424718 -3.725177
3.424882 -3.691642
3.425045 -3.689413
3.425208 -3.658691
3.425371 -3.680923
3.425534 -3.667185
3.425697 -3.680344
3.425860 -3.676593
3.426023 -3.682515
3.426186 -3.681262
3.426349 -3.676689
3.426511 -3.660029
3.426674 -3.665820
3.426836 -3.671552
3.426999 -3.681484
3.427161 -3.702827
3.427324 -3.719093
3.427486 -3.717853
3.427648 -3.737043
3.427811 -3.729251
3.427973 -3.714663
3.428135 -3.699159
3.428297 -3.676733
3.428459 -3.679052
3.428621 -3.642317
3.428783 -3.640285
3.428944 -3.661429
3.429106 -3.675694
3.429268 -3.675916
3.429429 -3.655877
3.429591 -3.655825
3.429752 -3.677168
3.429914 -3.667624
3.430075 -3.668130
3.430236 -3.665585
3.430398 -3.635910
3.430559 -3.654749
3.430720 -3.657673
3.430881 -3.665918
3.431042 -3.670347
3.431203 -3.668475
3.431364 -3.660457
3.431525 -3.636419
3.431685 -3.617454
3.431846 -3.627941
3.432007 -3.615452
3.432167 -3.612865
3.432328 -3.606355
3.432488 -3.589161
3.432649 -3.605106
3.432809 -3.612413
3.432969 -3.612692
3.433130 -3.609294
3.433290 -3.625857
3.433450 -3.624564
3.433610 -3.622279
3.433770 -3.628471
3.433930 -3.626418
3.434090 -3.606578
3.434249 -3.634242
3.434409 -3.641941
3.434569 -3.647172
3.434729 -3.622109
3.434888 -3.598399
3.435048 -3.605118
3.435207 -3.599518
3.435367 -3.615638
3.435526 -3.630719
3.435685 -3.624979
3.435844 -3.630537
3.436004 -3.623943
3.436163 -3.640137
3.436322 -3.621536
3.436481 -3.627879
3.436640 -3.603441
3.436799 -3.615187
3.436957 -3.603604
3.437116 -3.613868
3.437275 -3.592823
3.437433 -3.588007
3.437592 -3.611580
3.437751 -3.620637
3.437909 -3.628091
3.438067 -3.643679
3.438226 -3.656383
3.438384 -3.656490
3.438542 -3.678530
3.438701 -3.670286
3.438859 -3.698470
3.439017 -3.689114
3.439175 -3.709395
3.439333 -3.693237
3.439491 -3.706476
3.439648 -3.703578
3.439806 -3.714547
3.439964 -3.735601
3.440122 -3.743697
3.440279 -3.727773
3.440437 -3.716173
3.440594 -3.720572
3.440752 -3.707040
3.440909 -3.718550
3.441066 -3.707398
3.441224 -3.698108
3.441381 -3.684795
3.441538 -3.686438
3.441695 -3.687439
3.441852 -3.671277
3.442009 -3.669505
3.442166 -3.686109
3.442323 -3.684026
3.442480 -3.673580
3.442637 -3.677434
3.442793 -3.680326
3.442950 -3.688591
3.443106 -3.685658
3.443263 -3.677218
3.443419 -3.703830
3.443576 -3.688786
3.443732 -3.697506
3.443889 -3.715475
3.444045 -3.712781
3.444201 -3.710420
3.444357 -3.737745
3.444513 -3.771939
3.444669 -3.746979
3.444825 -3.754642
3.444981 -3.755824
3.445137 -3.758904
3.445293 -3.749402
3.445449 -3.787835
3.445604 -3.794951
3.445760 -3.793753
3.445915 -3.799491
3.446071 -3.805226
3.446226 -3.794087
3.446382 -3.802724
3.446537 -3.809248
3.446692 -3.810466
3.446848 -3.779222
3.447003 -3.783310
3.447158 -3.778755
3.447313 -3.766277
3.447468 -3.740507
3.447623 -3.765441
3.447778 -3.755287
3.447933 -3.744832
3.448088 -3.735700
3.448242 -3.748582
3.448397 -3.745018
3.448552 -3.742862
3.448706 -3.750013
3.448861 -3.729470
3.449015 -3.720366
3.449170 -3.720729
3.449324 -3.724487
3.449478 -3.701639
3.449633 -3.706355
3.449787 -3.679184
3.449941 -3.690083
3.450095 -3.684129
3.450249 -3.687434
3.450403 -3.682714
3.450557 -3.698137
3.450711 -3.727085
3.450865 -3.740542
3.451018 -3.751669
3.451172 -3.742097
3.451326 -3.721037
3.451479 -3.709835
3.451633 -3.709088
3.451786 -3.720871
3.451940 -3.746914
3.452093 -3.757760
3.452247 -3.771933
3.452400 -3.789029
3.452553 -3.801662
3.452706 -3.800512
3.452859 -3.814574
3.453012 -3.825284
3.453165 -3.804845
3.453318 -3.807294
3.453471 -3.829402
3.453624 -3.823461
3.453777 -3.825903
3.453930 -3.834195
3.454082 -3.832438
3.454235 -3.837672
3.454387 -3.822136
3.454540 -3.810062
3.454692 -3.830277
3.454845 -3.820386
3.454997 -3.820161
3.455150 -3.815756
3.455302 -3.804049
3.455454 -3.773154
3.455606 -3.798586
3.455758 -3.803181
3.455910 -3.815906
3.456062 -3.820929
3.456214 -3.787112
3.456366 -3.780740
3.456518 -3.788296
3.456670 -3.749852
3.456821 -3.730887
3.456973 -3.713211
3.457125 -3.700293
3.457276 -3.692676
3.457428 -3.675006
3.457579 -3.676517
3.457731 -3.678628
3.457882 -3.684062
3.458033 -3.700983
3.458184 -3.710080
3.458336 -3.711221
3.458487 -3.709183
3.458638 -3.693756
3.458789 -3.719902
3.458940 -3.700902
3.459091 -3.709472
3.459242 -3.692318
3.459392 -3.699471
3.459543 -3.723443
3.459694 -3.725453
3.459845 -3.732767
3.459995 -3.715933
3.460146 -3.679267
3.460296 -3.701879
3.460447 -3.690415
3.460597 -3.690945
3.460748 -3.683103
3.460898 -3.707100
3.461048 -3.712569
3.461198 -3.717152
3.461348 -3.715696
3.461499 -3.704666
3.461649 -3.687065
3.461799 -3.689940
3.461948 -3.677729
3.462098 -3.701878
3.462248 -3.698127
3.462398 -3.714359
3.462548 -3.726396
3.462697 -3.724059
3.462847 -3.698008
3.462997 -3.673744
3.463146 -3.681813
3.463296 -3.681018
3.463445 -3.688854
3.463594 -3.675953
3.463744 -3.690668
3.463893 -3.717025
3.464042 -3.703272
3.464191 -3.703846
3.464340 -3.724952
3.464490 -3.750228
3.464639 -3.780591
3.464788 -3.772123
3.464936 -3.770644
3.465085 -3.811506
3.465234 -3.818824
3.465383 -3.832029
3.465532 -3.842118
3.465680 -3.822756
3.465829 -3.814935
3.465977 -3.807362
3.466126 -3.792757
3.466274 -3.837065
3.466423 -3.838162
3.466571 -3.855258
3.466719 -3.844529
3.466868 -3.854976
3.467016 -3.856025
3.467164 -3.877036
3.467312 -3.874861
3.467460 -3.867714
3.467608 -3.867295
3.467756 -3.863783
3.467904 -3.875793
3.468052 -3.882817
3.468200 -3.867062
3.468347 -3.879594
3.468495 -3.864699
3.468643 -3.867268
3.468790 -3.852604
3.468938 -3.855873
3.469085 -3.850179
3.469233 -3.815953
3.469380 -3.807101
3.469527 -3.797389
3.469675 -3.764822
3.469822 -3.768457
3.469969 -3.778327
3.470116 -3.763620
3.470263 -3.773432
3.470410 -3.780557
3.470557 -3.785154
3.470704 -3.780638
3.470851 -3.777593
3.470998 -3.791641
3.471145 -3.812792
3.471292 -3.809425
3.471438 -3.794493
3.471585 -3.794346
3.471732 -3.776459
3.471878 -3.762389
3.472025 -3.763455
3.472171 -3.763952
3.472318 -3.782705
3.472464 -3.803602
3.472610 -3.776218
3.472756 -3.745944
3.472903 -3.768701
3.473049 -3.757752
3.473195 -3.739052
3.473341 -3.728513
3.473487 -3.734629
3.473633 -3.753867
3.473779 -3.744915
3.473925 -3.745506
3.474071 -3.763483
3.474216 -3.774600
3.474362 -3.774898
3.474508 -3.756814
3.474653 -3.735754
3.474799 -3.713411
3.474944 -3.677195
3.475090 -3.670487
3.475235 -3.639472
3.475381 -3.647518
3.475526 -3.642432
3.475671 -3.661975
3.475816 -3.675052
3.475962 -3.693080
3.476107 -3.673588
3.476252 -3.646963
3.476397 -3.643031
3.476542 -3.642393
3.476687 -3.628172
3.476832 -3.641651
3.476976 -3.628436
3.477121 -3.628430
3.477266 -3.631304
3.477411 -3.627387
3.477555 -3.604938
3.477700 -3.619356
3.477844 -3.610628
3.477989 -3.606852
3.478133 -3.628040
3.478278 -3.623669
3.478422 -3.643771
3.478566 -3.641231
3.478711 -3.644344
3.478855 -3.658258
3.478999 -3.679429
3.479143 -3.686178
3.479287 -3.674467
3.479431 -3.679771
3.479575 -3.698878
3.479719 -3.694322
3.479863 -3.683603
3.480007 -3.690669
3.480151 -3.698574
3.480294 -3.691252
3.480438 -3.680797
3.480582 -3.680640
3.480725 -3.672678
3.480869 -3.678949
3.481012 -3.668679
3.481156 -3.669275
3.481299 -3.664340
3.481443 -3.664031
3.481586 -3.644538
3.481729 -3.644689
3.481872 -3.651057
3.482016 -3.660337
3.482159 -3.676747
3.482302 -3.687783
3.482445 -3.695452
3.482588 -3.700666
3.482731 -3.695036
3.482874 -3.697124
3.483016 -3.688876
3.483159 -3.667384
3.483302 -3.676420
3.483445 -3.647199
3.483587 -3.645143
3.483730 -3.637584
3.483872 -3.630201
3.484015 -3.628531
3.484157 -3.629266
3.484300 -3.625784
3.484442 -3.638042
3.484585 -3.640786
3.484727 -3.637917
3.484869 -3.646686
3.485011 -3.662974
3.485153 -3.663505
3.485295 -3.645274
3.485437 -3.659286
3.485579 -3.659188
3.485721 -3.668352
3.485863 -3.662964
3.486005 -3.644605
3.486147 -3.645024
3.486289 -3.616133
3.486430 -3.609533
3.486572 -3.613667
3.486714 -3.612475
3.486855 -3.648883
3.486997 -3.639152
3.487138 -3.646116
3.487280 -3.623879
3.487421 -3.629491
3.487563 -3.632844
3.487704 -3.641944
3.487845 -3.641306
3.487986 -3.648579
3.488127 -3.647488
3.488269 -3.662970
3.488410 -3.648973
3.488551 -3.656085
3.488692 -3.657204
3.488833 -3.651462
3.488974 -3.653572
3.489114 -3.656959
3.489255 -3.668807
3.489396 -3.679659
3.489537 -3.692465
3.489677 -3.696322
3.489818 -3.679371
3.489958 -3.689908
3.490099 -3.669305
3.490239 -3.671742
3.490380 -3.662771
3.490520 -3.661647
3.490661 -3.688488
3.490801 -3.688853
3.490941 -3.690771
3.491081 -3.701110
3.491222 -3.705863
3.491362 -3.702266
3.491502 -3.692784
3.491642 -3.680974
3.491782 -3.683308
3.491922 -3.695901
3.492062 -3.704126
3.492201 -3.701894
3.492341 -3.718517
3.492481 -3.714149
3.492621 -3.735200
3.492760 -3.713470
3.492900 -3.724656
3.493040 -3.712235
3.493179 -3.723611
3.493319 -3.714272
3.493458 -3.717284
3.493597 -3.717234
3.493737 -3.732217
3.493876 -3.708966
3.494015 -3.696651
3.494155 -3.725876
3.494294 -3.738405
3.494433 -3.775910
3.494572 -3.777921
3.494711 -3.760096
3.494850 -3.751069
3.494989 -3.745408
3.495128 -3.752730
3.495267 -3.749987
3.495406 -3.752234
3.495544 -3.745927
3.495683 -3.763679
3.495822 -3.774025
3.495960 -3.752065
3.496099 -3.749014
3.496238 -3.730137
3.496376 -3.734189
3.496515 -3.727349
3.496653 -3.730637
3.496791 -3.723207
3.496930 -3.720536
3.497068 -3.709769
3.497206 -3.700703
3.497344 -3.698783
3.497483 -3.724539
3.497621 -3.726828
3.497759 -3.725243
3.497897 -3.737300
3.498035 -3.757799
3.498173 -3.753963
3.498311 -3.769104
3.498448 -3.772512
3.498586 -3.777938
3.498724 -3.775540
3.498862 -3.791989
3.498999 -3.785728
3.499137 -3.784974
3.499275 -3.796890
3.499412 -3.813207
3.499550 -3.807704
3.499687 -3.794304
3.499824 -3.779446
3.499962 -3.810154
3.500099 -3.807154
3.500236 -3.814414
3.500374 -3.832567
3.500511 -3.810317
3.500648 -3.815266
3.500785 -3.814344
3.500922 -3.843186
3.501059 -3.825191
3.501196 -3.798736
3.501333 -3.789065
3.501470 -3.790514
3.501607 -3.809137
3.501744 -3.790712
3.501880 -3.780063
3.502017 -3.783639
3.502154 -3.790639
3.502291 -3.793501
3.502427 -3.773793
3.502564 -3.780275
3.502700 -3.784557
3.502837 -3.773386
3.502973 -3.767636
3.503109 -3.774886
3.503246 -3.754550
3.503382 -3.744560
3.503518 -3.752117
3.503655 -3.751589
3.503791 -3.768063
3.503927 -3.780684
3.504063 -3.754924
3.504199 -3.736359
3.504335 -3.739834
3.504471 -3.763421
3.504607 -3.777579
3.504743 -3.775995
3.504878 -3.806017
3.505014 -3.779281
3.505150 -3.787754
3.505286 -3.789923
3.505421 -3.796113
3.505557 -3.769519
3.505693 -3.765284
3.505828 -3.788782
3.505964 -3.791130
3.506099 -3.802461
3.506234 -3.799455
3.506370 -3.790987
3.506505 -3.785926
3.506640 -3.798047
3.506776 -3.815875
3.506911 -3.814162
3.507046 -3.814260
3.507181 -3.811733
3.507316 -3.825332
3.507451 -3.793893
3.507586 -3.791143
3.507721 -3.774935
3.507856 -3.775401
3.507991 -3.779516
3.508126 -3.765916
3.508260 -3.753342
3.508395 -3.771521
3.508530 -3.772021
3.508664 -3.756686
3.508799 -3.752769
3.508934 -3.766251
3.509068 -3.757188
3.509203 -3.749316
3.509337 -3.765853
3.509471 -3.739171
3.509606 -3.758213
3.509740 -3.741774
3.509874 -3.750446
3.510009 -3.781061
3.510143 -3.772820
3.510277 -3.761592
3.510411 -3.745281
3.510545 -3.725626
3.510679 -3.731144
3.510813 -3.729609
3.510947 -3.735380
3.511081 -3.732871
3.511215 -3.726844
3.511349 -3.738113
3.511482 -3.728716
3.511616 -3.735980
3.511750 -3.737717
3.511883 -3.742205
3.512017 -3.759548
3.512151 -3.757464
3.512284 -3.748009
3.512418 -3.771147
3.512551 -3.771485
3.512684 -3.782100
3.512818 -3.801555
3.512951 -3.810855
3.513084 -3.820089
3.513218 -3.821350
3.513351 -3.811736
3.513484 -3.820021
3.513617 -3.824050
3.513750 -3.833290
3.513883 -3.818664
3.514016 -3.831719
3.514149 -3.816428
3.514282 -3.804074
3.514415 -3.785615
3.514548 -3.788469
3.514681 -3.780700
3.514813 -3.754460
3.514946 -3.749974
3.515079 -3.742384
3.515211 -3.728481
3.515344 -3.713147
3.515476 -3.733306
3.515609 -3.756046
3.515741 -3.731420
3.515874 -3.742686
3.516006 -3.724421
3.516139 -3.718040
3.516271 -3.724884
3.516403 -3.730659
3.516535 -3.706527
3.516668 -3.721465
3.516800 -3.729723
3.516932 -3.743532
3.517064 -3.737058
3.517196 -3.730852
3.517328 -3.728106
3.517460 -3.714682
3.517592 -3.722777
3.517724 -3.720201
3.517855 -3.739279
3.517987 -3.698022
3.518119 -3.700943
3.518251 -3.709159
3.518382 -3.685974
3.518514 -3.671172
3.518646 -3.681591
3.518777 -3.651298
3.518909 -3.668891
3.519040 -3.664180
3.519171 -3.670895
3.519303 -3.683106
3.519434 -3.679027
3.519566 -3.687059
3.519697 -3.706329
3.519828 -3.733823
3.519959 -3.752941
3.520090 -3.784630
3.520221 -3.778845
3.520353 -3.778094
3.520484 -3.772599
3.520615 -3.773460
3.520745 -3.768440
3.520876 -3.744321
3.521007 -3.768604
3.521138 -3.753004
3.521269 -3.758900
3.521400 -3.788091
3.521530 -3.792209
3.521661 -3.798736
3.521792 -3.797511
3.521922 -3.789145
3.522053 -3.789365
3.522183 -3.774666
3.522314 -3.791184
3.522444 -3.797261
3.522575 -3.825823
3.522705 -3.825505
3.522835 -3.827867
3.522966 -3.818789
3.523096 -3.815989
3.523226 -3.801046
3.523356 -3.803451
3.523486 -3.803316
3.523616 -3.812545
3.523746 -3.810535
3.523876 -3.803775
3.524006 -3.786676
3.524136 -3.780530
3.524266 -3.803395
3.524396 -3.795636
3.524526 -3.798216
3.524656 -3.797094
3.524785 -3.811684
3.524915 -3.791602
3.525045 -3.794776
3.525174 -3.821408
3.525304 -3.814123
3.525434 -3.806532
3.525563 -3.802381
3.525693 -3.784878
3.525822 -3.780302
3.525951 -3.776182
3.526081 -3.779309
3.526210 -3.764358
3.526339 -3.773273
3.526469 -3.783214
3.526598 -3.790388
3.526727 -3.771891
3.526856 -3.784883
3.526985 -3.786622
3.527114 -3.786244
3.527243 -3.781293
3.527372 -3.790562
3.527501 -3.790324
3.527630 -3.777218
3.527759 -3.777232
3.527888 -3.791909
3.528016 -3.802859
3.528145 -3.813562
3.528274 -3.814604
3.528402 -3.817835
3.528531 -3.832078
3.528660 -3.843367
3.528788 -3.844275
3.528917 -3.848167
3.529045 -3.843124
3.529174 -3.860179
3.529302 -3.864544
3.529430 -3.874141
3.529559 -3.879831
3.529687 -3.869114
3.529815 -3.866655
3.529943 -3.836219
3.530072 -3.837085
3.530200 -3.831484
3.530328 -3.830278
3.530456 -3.835037
3.530584 -3.829934
3.530712 -3.842680
3.530840 -3.879986
3.530968 -3.855308
3.531096 -3.833230
3.531223 -3.808883
3.531351 -3.787545
3.531479 -3.802216
3.531607 -3.783976
3.531734 -3.775495
3.531862 -3.748755
3.531990 -3.771257
3.532117 -3.789081
3.532245 -3.775721
3.532372 -3.788823
3.532500 -3.767968
3.532627 -3.787807
3.532754 -3.772057
3.532882 -3.767676
3.533009 -3.747761
3.533136 -3.732863
3.533264 -3.720505
3.533391 -3.734449
3.533518 -3.718711
3.533645 -3.721398
3.533772 -3.724451
3.533899 -3.728867
3.534026 -3.719961
3.534153 -3.722232
3.534280 -3.697792
3.534407 -3.704315
3.534534 -3.688261
3.534661 -3.667273
3.534787 -3.662954
3.534914 -3.652581
3.535041 -3.667487
3.535167 -3.660177
3.535294 -3.662178
3.535421 -3.656113
3.535547 -3.646109
3.535674 -3.670521
3.535800 -3.659736
3.535927 -3.660155
3.536053 -3.657248
3.536180 -3.659726
3.536306 -3.681512
3.536432 -3.712672
3.536558 -3.710693
3.536685 -3.691066
3.536811 -3.713062
3.536937 -3.694172
3.537063 -3.713648
3.537189 -3.726423
3.537315 -3.724542
3.537441 -3.726194
3.537567 -3.733049
3.537693 -3.717830
3.537819 -3.731638
3.537945 -3.761198
3.538071 -3.773906
3.538197 -3.775649
3.538322 -3.779043
3.538448 -3.756882
3.538574 -3.750245
3.538699 -3.750671
3.538825 -3.751132
3.538951 -3.768232
3.539076 -3.765889
3.539202 -3.728123
3.539327 -3.733048
3.539452 -3.725487
3.539578 -3.722104
3.539703 -3.743846
3.539829 -3.732628
3.539954 -3.738049
3.540079 -3.745480
3.540204 -3.757924
3.540329 -3.768225
3.540455 -3.762545
3.540580 -3.769154
3.540705 -3.771763
3.540830 -3.760913
3.540955 -3.752422
3.541080 -3.737015
3.541205 -3.737559
3.541330 -3.729053
3.541454 -3.722000
3.541579 -3.729877
3.541704 -3.729183
3.541829 -3.725436
3.541953 -3.727158
3.542078 -3.727243
3.542203 -3.733278
3.542327 -3.727534
3.542452 -3.742466
3.542576 -3.743321
3.542701 -3.743355
3.542825 -3.763321
3.542950 -3.752320
3.543074 -3.761266
3.543199 -3.761909
3.543323 -3.746932
3.543447 -3.765149
3.543571 -3.797834
3.543696 -3.813930
3.543820 -3.831914
3.543944 -3.828109
3.544068 -3.835708
3.544192 -3.824310
3.544316 -3.811907
3.544440 -3.803357
3.544564 -3.799961
3.544688 -3.804578
3.544812 -3.795820
3.544936 -3.819452
3.545060 -3.838633
3.545183 -3.838265
3.545307 -3.837019
3.545431 -3.837643
3.545555 -3.837160
3.545678 -3.819991
3.545802 -3.816739
3.545925 -3.818303
3.546049 -3.808902
3.546172 -3.802550
3.546296 -3.781225
3.546419 -3.768250
3.546543 -3.784560
3.546666 -3.812888
3.546789 -3.807787
3.546913 -3.796450
3.547036 -3.792490
3.547159 -3.767943
3.547282 -3.782570
3.547405 -3.781950
3.547529 -3.801178
3.547652 -3.812248
3.547775 -3.820736
3.547898 -3.816319
3.548021 -3.809445
3.548144 -3.800355
3.548267 -3.817600
3.548389 -3.801203
3.548512 -3.812095
3.548635 -3.822298
3.548758 -3.813193
3.548881 -3.825867
3.549003 -3.827143
3.549126 -3.842070
3.549249 -3.863548
3.549371 -3.861136
3.549494 -3.859214
3.549616 -3.835862
3.549739 -3.853444
3.549861 -3.822766
3.549984 -3.828022
3.550106 -3.808889
3.550228 -3.783727
3.550351 -3.764918
3.550473 -3.783565
3.550595 -3.792254
3.550717 -3.798574
3.550840 -3.813474
3.550962 -3.803846
3.551084 -3.816830
3.551206 -3.823123
3.551328 -3.808336
3.551450 -3.803268
3.551572 -3.812574
3.551694 -3.817232
3.551816 -3.820340
3.551938 -3.822170
3.552060 -3.836637
3.552181 -3.858064
3.552303 -3.870415
3.552425 -3.856032
3.552547 -3.852866
3.552668 -3.849192
3.552790 -3.850817
3.552911 -3.815166
3.553033 -3.812477
3.553155 -3.793479
3.553276 -3.781450
3.553398 -3.792776
3.553519 -3.791961
3.553640 -3.784428
3.553762 -3.784844
3.553883 -3.761637
3.554004 -3.754644
3.554126 -3.765191
3.554247 -3.774712
3.554368 -3.779882
3.554489 -3.775991
3.554610 -3.774277
3.554731 -3.795528
3.554852 -3.795189
3.554973 -3.792026
3.555094 -3.821595
3.555215 -3.822830
3.555336 -3.819594
3.555457 -3.828052
3.555578 -3.810171
3.555699 -3.807185
3.555820 -3.814224
3.555940 -3.813173
3.556061 -3.830500
3.556182 -3.804666
3.556303 -3.770702
3.556423 -3.771777
3.556544 -3.777162
3.556664 -3.783660
3.556785 -3.773982
3.556905 -3.780466
3.557026 -3.773313
3.557146 -3.757229
3.557267 -3.786227
3.557387 -3.790447
3.557507 -3.799612
3.557627 -3.774303
3.557748 -3.776426
3.557868 -3.754119
3.557988 -3.755320
3.558108 -3.763091
3.558228 -3.762011
3.558349 -3.765497
3.558469 -3.765358
3.558589 -3.781719
3.558709 -3.798851
3.558829 -3.777684
3.558948 -3.774717
3.559068 -3.771294
3.559188 -3.776328
3.559308 -3.760442
3.559428 -3.754291
3.559548 -3.766319
3.559667 -3.773605
3.559787 -3.757773
3.559907 -3.758501
3.560026 -3.774161
3.560146 -3.772278
3.560265 -3.759203
3.560385 -3.757497
3.560504 -3.749851
3.560624 -3.764075
3.560743 -3.774613
3.560863 -3.787567
3.560982 -3.797662
3.561101 -3.820833
3.561221 -3.813268
3.561340 -3.811407
3.561459 -3.801093
3.561578 -3.821220
3.561698 -3.830900
3.561817 -3.823802
3.561936 -3.824805
3.562055 -3.842406
3.562174 -3.831623
3.562293 -3.797396
3.562412 -3.805226
3.562531 -3.797398
3.562650 -3.789733
3.562769 -3.777618
3.562887 -3.781584
3.563006 -3.793104
3.563125 -3.785795
3.563244 -3.782393
3.563362 -3.779339
3.563481 -3.750315
3.563600 -3.741558
3.563718 -3.763386
3.563837 -3.786337
3.563955 -3.796464
3.564074 -3.803771
3.564192 -3.815748
3.564311 -3.820690
3.564429 -3.824876
3.564548 -3.830573
3.564666 -3.831465
3.564784 -3.815667
3.564903 -3.812356
3.565021 -3.800467
3.565139 -3.802858
3.565257 -3.811339
3.565376 -3.798134
3.565494 -3.757526
3.565612 -3.753845
3.565730 -3.760680
3.565848 -3.751210
3.565966 -3.768175
3.566084 -3.770854
3.566202 -3.750400
3.566320 -3.751541
3.566437 -3.737408
3.566555 -3.724240
3.566673 -3.721236
3.566791 -3.702771
3.566909 -3.710099
3.567026 -3.708991
3.567144 -3.730897
3.567262 -3.732257
3.567379 -3.734992
3.567497 -3.735883
3.567614 -3.731988
3.567732 -3.716146
3.567849 -3.717858
3.567967 -3.724078
3.568084 -3.707193
3.568202 -3.716266
3.568319 -3.712502
3.568436 -3.708223
3.568554 -3.711702
3.568671 -3.687022
3.568788 -3.699180
3.568905 -3.722625
3.569023 -3.716596
3.569140 -3.729992
3.569257 -3.729186
3.569374 -3.722684
3.569491 -3.709137
3.569608 -3.689902
3.569725 -3.699859
3.569842 -3.682881
3.569959 -3.690421
3.570076 -3.691788
3.570193 -3.697024
3.570309 -3.692021
3.570426 -3.705825
3.570543 -3.695429
3.570660 -3.677809
3.570776 -3.666484
3.570893 -3.668341
3.571010 -3.666127
3.571126 -3.674690
3.571243 -3.699378
3.571359 -3.703108
3.571476 -3.702358
3.571592 -3.703260
3.571709 -3.692812
3.571825 -3.687499
3.571942 -3.664699
3.572058 -3.646343
3.572174 -3.639266
3.572291 -3.642692
3.572407 -3.643398
3.572523 -3.639682
3.572639 -3.634323
3.572755 -3.616337
3.572872 -3.632516
3.572988 -3.634021
3.573104 -3.634058
3.573220 -3.631693
3.573336 -3.643026
3.573452 -3.643854
3.573568 -3.657616
3.573684 -3.667456
3.573800 -3.684254
3.573915 -3.678759
3.574031 -3.680529
3.574147 -3.680509
3.574263 -3.674458
3.574379 -3.667942
3.574494 -3.664106
3.574610 -3.678992
3.574726 -3.675291
3.574841 -3.669515
3.574957 -3.689216
3.575072 -3.679167
3.575188 -3.669963
3.575303 -3.669138
3.575419 -3.666897
3.575534 -3.675035
3.575650 -3.677410
3.575765 -3.684873
3.575880 -3.703728
3.575996 -3.698075
3.576111 -3.711210
3.576226 -3.732358
3.576341 -3.752562
3.576457 -3.738806
3.576572 -3.739807
3.576687 -3.736626
3.576802 -3.738290
3.576917 -3.742454
3.577032 -3.733402
3.577147 -3.745427
3.577262 -3.736037
3.577377 -3.744560
3.577492 -3.774484
3.577607 -3.775238
3.577722 -3.779329
3.577836 -3.782191
3.577951 -3.787386
3.578066 -3.799239
3.578181 -3.799208
3.578295 -3.787197
3.578410 -3.809715
3.578525 -3.794834
3.578639 -3.786925
3.578754 -3.803350
3.578868 -3.793643
3.578983 -3.789032
3.579097 -3.814815
3.579212 -3.814202
3.579326 -3.801460
3.579441 -3.803100
3.579555 -3.797304
3.579669 -3.805548
3.579784 -3.823317
3.579898 -3.840028
3.580012 -3.850829
3.580126 -3.849649
3.580241 -3.847678
3.580355 -3.844902
3.580469 -3.845226
3.580583 -3.830574
3.580697 -3.836885
3.580811 -3.844110
3.580925 -3.846048
3.581039 -3.843935
3.581153 -3.857069
3.581267 -3.857127
3.581381 -3.858548
3.581495 -3.854403
3.581608 -3.866380
3.581722 -3.861650
3.581836 -3.874372
3.581950 -3.868940
3.582063 -3.863049
3.582177 -3.853229
3.582291 -3.837300
3.582404 -3.803236
3.582518 -3.794768
3.582631 -3.829353
3.582745 -3.816171
3.582858 -3.820578
3.582972 -3.819304
3.583085 -3.832959
3.583199 -3.828850
3.583312 -3.832761
3.583426 -3.835205
3.583539 -3.821299
3.583652 -3.817999
3.583765 -3.843935
3.583879 -3.826551
3.583992 -3.824389
3.584105 -3.829686
3.584218 -3.819012
3.584331 -3.822451
3.584444 -3.840922
3.584557 -3.856547
3.584670 -3.847660
3.584783 -3.842608
3.584896 -3.856385
3.585009 -3.853094
3.585122 -3.843678
3.585235 -3.866143
3.585348 -3.863619
3.585461 -3.858143
3.585574 -3.847740
3.585686 -3.840981
3.585799 -3.844561
3.585912 -3.864482
3.586024 -3.871448
3.586137 -3.855408
3.586250 -3.853793
3.586362 -3.845297
3.586475 -3.852531
3.586587 -3.845169
3.586700 -3.823179
3.586812 -3.829538
3.586925 -3.800228
3.587037 -3.820302
3.587149 -3.810193
3.587262 -3.822204
3.587374 -3.831873
3.587486 -3.833560
3.587599 -3.830522
3.587711 -3.832527
3.587823 -3.816578
3.587935 -3.811687
3.588047 -3.786009
3.588160 -3.787566
3.588272 -3.806093
3.588384 -3.795019
3.588496 -3.791572
3.588608 -3.795649
3.588720 -3.791952
3.588832 -3.819090
3.588944 -3.797420
3.589056 -3.807088
3.589167 -3.798662
3.589279 -3.792610
3.589391 -3.792149
3.589503 -3.807413
3.589615 -3.809740
3.589726 -3.777121
3.589838 -3.764621
3.589950 -3.757926
3.590061 -3.794042
3.590173 -3.785863
3.590284 -3.762291
3.590396 -3.753064
3.590507 -3.773909
3.590619 -3.788920
3.590730 -3.777519
3.590842 -3.774774
3.590953 -3.772065
3.591065 -3.759746
3.591176 -3.763885
3.591287 -3.743349
3.591399 -3.748930
3.591510 -3.747016
3.591621 -3.765680
3.591732 -3.785850
3.591843 -3.784554
3.591955 -3.797641
3.592066 -3.813669
3.592177 -3.822146
3.592288 -3.838413
3.592399 -3.840119
3.592510 -3.840449
3.592621 -3.840595
3.592732 -3.836542
3.592843 -3.843090
3.592954 -3.846838
3.593064 -3.836112
3.593175 -3.822509
3.593286 -3.840942
3.593397 -3.821479
3.593508 -3.817525
3.593618 -3.800725
3.593729 -3.786554
3.593840 -3.786630
3.593950 -3.791658
3.594061 -3.789116
3.594171 -3.767353
3.594282 -3.760790
3.594393 -3.766905
3.594503 -3.769992
3.594614 -3.778647
3.594724 -3.765186
3.594834 -3.769230
3.594945 -3.761341
3.595055 -3.769618
3.595165 -3.767449
3.595276 -3.760502
3.595386 -3.764487
3.595496 -3.749553
3.595606 -3.753185
3.595717 -3.743690
3.595827 -3.739206
3.595937 -3.740344
3.596047 -3.758083
3.596157 -3.769788
3.596267 -3.762004
3.596377 -3.763594
3.596487 -3.768733
3.596597 -3.769698
3.596707 -3.756045
3.596817 -3.781117
3.596927 -3.764687
3.597037 -3.766929
3.597146 -3.768902
3.597256 -3.776342
3.597366 -3.767602
3.597476 -3.755224
3.597586 -3.757592
3.597695 -3.767576
3.597805 -3.803558
3.597914 -3.796718
3.598024 -3.789629
3.598134 -3.799399
3.598243 -3.795824
3.598353 -3.793967
3.598462 -3.801826
3.598572 -3.819290
3.598681 -3.818268
3.598791 -3.820060
3.598900 -3.839368
3.599009 -3.858993
3.599119 -3.868601
3.599228 -3.869453
3.599337 -3.871443
3.599446 -3.863671
3.599556 -3.862146
3.599665 -3.849939
3.599774 -3.828253
3.599883 -3.821065
3.599992 -3.817575
3.600101 -3.807639
3.600210 -3.814932
3.600319 -3.819577
3.600428 -3.804249
3.600537 -3.807866
3.600646 -3.813873
3.600755 -3.842145
3.600864 -3.871834
3.600973 -3.840411
3.601082 -3.840557
3.601191 -3.819345
3.601299 -3.802448
3.601408 -3.815686
3.601517 -3.808157
3.601625 -3.812029
3.601734 -3.814173
3.601843 -3.819684
3.601951 -3.829281
3.602060 -3.817320
3.602169 -3.829677
3.602277 -3.839213
3.602386 -3.817095
3.602494 -3.823222
3.602603 -3.833860
3.602711 -3.825360
3.602819 -3.802499
3.602928 -3.810432
3.603036 -3.810663
3.603144 -3.796831
3.603253 -3.830042
3.603361 -3.871100
3.603469 -3.871624
3.603577 -3.854906
3.603686 -3.858846
3.603794 -3.864359
3.603902 -3.863796
3.604010 -3.867748
3.604118 -3.865026
3.604226 -3.840581
3.604334 -3.834080
3.604442 -3.817469
3.604550 -3.823528
3.604658 -3.812798
3.604766 -3.809062
3.604874 -3.806836
3.604982 -3.811480
3.605089 -3.798684
3.605197 -3.799024
3.605305 -3.806328
3.605413 -3.822632
3.605521 -3.826821
3.605628 -3.834967
3.605736 -3.835022
3.605844 -3.829485
3.605951 -3.823786
3.606059 -3.822051
3.606166 -3.809324
3.606274 -3.801048
3.606381 -3.793145
3.606489 -3.788825
3.606596 -3.789159
3.606704 -3.789806
3.606811 -3.796862
3.606919 -3.798584
3.607026 -3.791408
3.607133 -3.793704
3.607241 -3.804218
3.607348 -3.797376
3.607455 -3.815967
3.607562 -3.817654
3.607669 -3.822347
3.607777 -3.822398
3.607884 -3.803699
3.607991 -3.797047
3.608098 -3.781391
3.608205 -3.777971
3.608312 -3.775069
3.608419 -3.778601
3.608526 -3.782730
3.608633 -3.801599
3.608740 -3.795404
3.608847 -3.790834
3.608954 -3.788471
3.609061 -3.793299
3.609167 -3.798659
3.609274 -3.810921
3.609381 -3.816812
3.609488 -3.813385
3.609594 -3.824091
3.609701 -3.846875
3.609808 -3.852090
3.609914 -3.866825
3.610021 -3.870741
3.610128 -3.863199
3.610234 -3.854447
3.610341 -3.868919
3.610447 -3.856565
3.610554 -3.864168
3.610660 -3.862042
3.610767 -3.860973
3.610873 -3.851284
3.610979 -3.849271
3.611086 -3.854241
3.611192 -3.859845
3.611298 -3.855128
3.611405 -3.846950
3.611511 -3.840460
3.611617 -3.845849
3.611723 -3.850279
3.611829 -3.850779
3.611936 -3.865872
3.612042 -3.859378
3.612148 -3.854521
3.612254 -3.850528
3.612360 -3.862883
3.612466 -3.850635
3.612572 -3.855009
3.612678 -3.849017
3.612784 -3.849557
3.612890 -3.858719
3.612996 -3.861372
3.613102 -3.859891
3.613207 -3.853403
3.613313 -3.841896
3.613419 -3.825603
3.613525 -3.831906
3.613630 -3.839565
3.613736 -3.837190
3.613842 -3.832155
3.613947 -3.822379
3.614053 -3.824301
3.614159 -3.812003
3.614264 -3.791279
3.614370 -3.799967
3.614475 -3.803589
3.614581 -3.811352
3.614686 -3.814385
3.614792 -3.813151
3.614897 -3.816643
3.615003 -3.839348
3.615108 -3.835339
3.615213 -3.843672
3.615319 -3.829330
3.615424 -3.821952
3.615529 -3.826646
3.615634 -3.835222
3.615740 -3.844919
3.615845 -3.840842
3.615950 -3.828512
3.616055 -3.826921
3.616160 -3.832787
3.616265 -3.835907
3.616370 -3.815426
3.616476 -3.796022
3.616581 -3.790560
3.616686 -3.818122
3.616790 -3.807532
3.616895 -3.804605
3.617000 -3.809134
3.617105 -3.811695
3.617210 -3.797576
3.617315 -3.805609
3.617420 -3.802583
3.617525 -3.824255
3.617629 -3.847209
3.617734 -3.849494
3.617839 -3.846409
3.617943 -3.842630
3.618048 -3.856574
3.618153 -3.850280
3.618257 -3.861897
3.618362 -3.849082
3.618466 -3.854001
3.618571 -3.848161
3.618676 -3.840167
3.618780 -3.853169
3.618884 -3.833829
3.618989 -3.828991
3.619093 -3.844253
3.619198 -3.842489
3.619302 -3.824198
3.619406 -3.831032
3.619511 -3.846688
3.619615 -3.837655
3.619719 -3.822813
3.619824 -3.821386
3.619928 -3.816105
3.620032 -3.826030
3.620136 -3.818104
3.620240 -3.821318
3.620344 -3.815677
3.620448 -3.828796
3.620552 -3.845578
3.620656 -3.841362
3.620760 -3.819346
3.620864 -3.829055
3.620968 -3.818425
3.621072 -3.823550
3.621176 -3.828615
3.621280 -3.825517
3.621384 -3.804295
3.621488 -3.812551
3.621592 -3.821169
3.621695 -3.829439
3.621799 -3.840905
3.621903 -3.837106
3.622007 -3.825609
3.622110 -3.812560
3.622214 -3.838487
3.622318 -3.848112
3.622421 -3.840984
3.622525 -3.853755
3.622628 -3.856613
3.622732 -3.869258
3.622835 -3.849874
3.622939 -3.839362
3.623042 -3.859881
3.623146 -3.865502
3.623249 -3.863395
3.623353 -3.849853
3.623456 -3.839175
3.623559 -3.830396
3.623663 -3.824237
3.623766 -3.826805
3.623869 -3.807307
3.623973 -3.810148
3.624076 -3.796789
3.624179 -3.785280
3.624282 -3.776176
3.624385 -3.788340
3.624488 -3.765002
3.624591 -3.756958
3.624695 -3.759265
3.624798 -3.761587
3.624901 -3.760248
3.625004 -3.756008
3.625107 -3.763326
3.625210 -3.776284
3.625312 -3.775761
3.625415 -3.778236
3.625518 -3.772091
3.625621 -3.774373
3.625724 -3.780350
3.625827 -3.775172
3.625929 -3.753851
3.626032 -3.754109
3.626135 -3.748613
3.626238 -3.746759
3.626340 -3.713088
3.626443 -3.692314
3.626546 -3.690902
3.626648 -3.692285
3.626751 -3.705006
3.626853 -3.710319
3.626956 -3.711438
3.627058 -3.730372
3.627161 -3.723418
3.627263 -3.723723
3.627366 -3.725221
3.627468 -3.699383
3.627571 -3.687695
3.627673 -3.678975
3.627775 -3.675710
3.627878 -3.693779
3.627980 -3.696427
3.628082 -3.709447
3.628185 -3.718677
3.628287 -3.713297
3.628389 -3.729978
3.628491 -3.739649
3.628593 -3.724508
3.628695 -3.733326
3.628797 -3.734698
3.628900 -3.751717
3.629002 -3.756652
3.629104 -3.763703
3.629206 -3.775309
3.629308 -3.765697
3.629410 -3.770602
3.629512 -3.777178
3.629613 -3.789747
3.629715 -3.778878
3.629817 -3.783043
3.629919 -3.772631
3.630021 -3.771424
3.630123 -3.762968
3.630224 -3.757820
3.630326 -3.758332
3.630428 -3.743592
3.630530 -3.751528
3.630631 -3.755665
3.630733 -3.763579
3.630835 -3.772828
3.630936 -3.770132
3.631038 -3.775976
3.631139 -3.776451
3.631241 -3.775232
3.631342 -3.772593
3.631444 -3.757915
3.631545 -3.745819
3.631647 -3.762610
3.631748 -3.773968
3.631849 -3.779329
3.631951 -3.781133
3.632052 -3.783536
3.632153 -3.793870
3.632255 -3.793914
3.632356 -3.782990
3.632457 -3.766496
3.632559 -3.773498
3.632660 -3.766585
3.632761 -3.742787
3.632862 -3.753323
3.632963 -3.756871
3.633064 -3.743729
3.633165 -3.748181
3.633266 -3.746228
3.633367 -3.756301
3.633468 -3.739660
3.633569 -3.730998
3.633670 -3.736283
3.633771 -3.733463
3.633872 -3.742038
3.633973 -3.745551
3.634074 -3.743482
3.634175 -3.736516
3.634276 -3.775151
3.634376 -3.760788
3.634477 -3.757323
3.634578 -3.765363
3.634679 -3.760682
3.634779 -3.758653
3.634880 -3.757373
3.634981 -3.754019
3.635081 -3.754418
3.635182 -3.754985
3.635283 -3.739576
3.635383 -3.749105
3.635484 -3.769722
3.635584 -3.793724
3.635685 -3.784343
3.635785 -3.789279
3.635886 -3.788470
3.635986 -3.793014
3.636087 -3.794470
3.636187 -3.787548
3.636287 -3.799901
3.636388 -3.823605
3.636488 -3.810663
3.636588 -3.817820
3.636688 -3.838120
3.636789 -3.841595
3.636889 -3.853111
3.636989 -3.869575
3.637089 -3.884160
3.637189 -3.908466
3.637290 -3.903672
3.637390 -3.917321
3.637490 -3.893162
3.637590 -3.901482
3.637690 -3.883645
3.637790 -3.899443
3.637890 -3.884785
3.637990 -3.889295
3.638090 -3.901921
3.638190 -3.907156
3.638290 -3.900571
3.638389 -3.905469
3.638489 -3.903043
3.638589 -3.905517
3.638689 -3.890981
3.638789 -3.885799
3.638888 -3.862992
3.638988 -3.857199
3.639088 -3.852257
3.639188 -3.851246
3.639287 -3.833182
3.639387 -3.838202
3.639486 -3.836468
3.639586 -3.847449
3.639686 -3.843728
3.639785 -3.864541
3.639885 -3.878829
3.639984 -3.889610
3.640084 -3.882560
3.640183 -3.878609
3.640283 -3.873144
3.640382 -3.876914
3.640481 -3.887675
3.640581 -3.890130
3.640680 -3.903023
3.640779 -3.902173
3.640879 -3.914363
3.640978 -3.911418
3.641077 -3.925205
3.641177 -3.932654
3.641276 -3.930713
3.641375 -3.931382
3.641474 -3.927362
3.641573 -3.942690
3.641672 -3.935970
3.641771 -3.940268
3.641871 -3.957758
3.641970 -3.939907
3.642069 -3.939665
3.642168 -3.908411
3.642267 -3.917928
3.642366 -3.926303
3.642465 -3.923207
3.642563 -3.911037
3.642662 -3.910459
3.642761 -3.922145
3.642860 -3.929335
3.642959 -3.933359
3.643058 -3.922168
3.643156 -3.920588
3.643255 -3.919106
3.643354 -3.917158
3.643453 -3.908633
3.643551 -3.912029
3.643650 -3.910071
3.643749 -3.887014
3.643847 -3.898758
3.643946 -3.896883
3.644044 -3.901485
3.644143 -3.888746
3.644242 -3.863280
3.644340 -3.848596
3.644439 -3.852515
3.644537 -3.853513
3.644636 -3.844558
3.644734 -3.857443
3.644832 -3.850920
3.644931 -3.871230
3.645029 -3.895741
3.645127 -3.879635
3.645226 -3.859253
3.645324 -3.856483
3.645422 -3.848772
3.645521 -3.855371
3.645619 -3.836907
3.645717 -3.817221
3.645815 -3.799363
3.645913 -3.814930
3.646011 -3.806825
3.646110 -3.795640
3.646208 -3.791859
3.646306 -3.813836
3.646404 -3.821301
3.646502 -3.813556
3.646600 -3.828080
3.646698 -3.824880
3.646796 -3.832333
3.646894 -3.838461
3.646992 -3.832590
3.647089 -3.868542
3.647187 -3.866852
3.647285 -3.867952
3.647383 -3.862673
3.647481 -3.886529
3.647579 -3.887802
3.647676 -3.892531
3.647774 -3.881514
3.647872 -3.883199
3.647969 -3.884940
3.648067 -3.903979
3.648165 -3.899468
3.648262 -3.896548
3.648360 -3.909941
3.648458 -3.926800
3.648555 -3.936900
3.648653 -3.927861
3.648750 -3.927883
3.648848 -3.933991
3.648945 -3.922175
3.649043 -3.910740
3.649140 -3.920220
3.649237 -3.906315
3.649335 -3.891473
3.649432 -3.892312
3.649530 -3.894201
3.649627 -3.901305
3.649724 -3.920763
3.649821 -3.929881
3.649919 -3.925705
3.650016 -3.927848
3.650113 -3.931139
3.650210 -3.954301
3.650308 -3.959120
3.650405 -3.970154
3.650502 -3.953464
3.650599 -3.930993
3.650696 -3.928835
3.650793 -3.913578
3.650890 -3.925262
3.650987 -3.920219
3.651084 -3.904643
3.651181 -3.888891
3.651278 -3.900475
3.651375 -3.911905
3.651472 -3.897061
3.651569 -3.904839
3.651666 -3.901822
3.651762 -3.903911
3.651859 -3.913660
3.651956 -3.902765
3.652053 -3.929259
3.652150 -3.925698
3.652246 -3.921114
3.652343 -3.923401
3.652440 -3.900112
3.652536 -3.893791
3.652633 -3.907662
3.652730 -3.906607
3.652826 -3.907714
3.652923 -3.904286
3.653019 -3.904631
3.653116 -3.883912
3.653213 -3.878230
3.653309 -3.882135
3.653405 -3.868967
3.653502 -3.870086
3.653598 -3.868566
3.653695 -3.862050
3.653791 -3.865078
3.653888 -3.860149
3.653984 -3.855379
3.654080 -3.855462
3.654177 -3.876506
3.654273 -3.888551
3.654369 -3.897075
3.654465 -3.897168
3.654562 -3.898687
3.654658 -3.901846
3.654754 -3.891922
3.654850 -3.896848
3.654946 -3.871438
3.655042 -3.864688
3.655138 -3.850630
3.655235 -3.847098
3.655331 -3.834834
3.655427 -3.845687
3.655523 -3.851394
3.655619 -3.879988
3.655715 -3.872285
3.655810 -3.881060
3.655906 -3.883890
3.656002 -3.873354
3.656098 -3.869560
3.656194 -3.856547
3.656290 -3.851090
3.656386 -3.831357
3.656482 -3.838087
3.656577 -3.837021
3.656673 -3.825075
3.656769 -3.823938
3.656864 -3.822475
3.656960 -3.835513
3.657056 -3.838622
3.657152 -3.831984
3.657247 -3.839378
3.657343 -3.847201
3.657438 -3.840030
3.657534 -3.838283
3.657629 -3.834654
3.657725 -3.825429
3.657820 -3.828864
3.657916 -3.842750
3.658011 -3.846545
3.658107 -3.844216
3.658202 -3.844522
3.658298 -3.851341
3.658393 -3.832764
3.658488 -3.856327
3.658584 -3.865260
3.658679 -3.857614
3.658774 -3.853911
3.658870 -3.849033
3.658965 -3.868663
3.659060 -3.864792
3.659155 -3.863405
3.659250 -3.865639
3.659346 -3.869610
3.659441 -3.853609
3.659536 -3.848575
3.659631 -3.854436
3.659726 -3.839436
3.659821 -3.834381
3.659916 -3.844468
3.660011 -3.835846
3.660106 -3.832730
3.660201 -3.841160
3.660296 -3.860891
3.660391 -3.854806
3.660486 -3.846457
3.660581 -3.852554
3.660676 -3.854767
3.660771 -3.846493
3.660865 -3.856216
3.660960 -3.838235
3.661055 -3.852294
3.661150 -3.848908
3.661245 -3.855649
3.661339 -3.860887
3.661434 -3.880484
3.661529 -3.881593
3.661623 -3.874878
3.661718 -3.881050
3.661813 -3.878635
3.661907 -3.864288
3.662002 -3.873299
3.662096 -3.852052
3.662191 -3.850817
3.662286 -3.841889
3.662380 -3.830802
3.662475 -3.831247
3.662569 -3.834170
3.662663 -3.824727
3.662758 -3.833917
3.662852 -3.848680
3.662947 -3.868580
3.663041 -3.877853
3.663135 -3.871071
3.663230 -3.888891
3.663324 -3.884542
3.663418 -3.883709
3.663512 -3.895059
3.663607 -3.876124
3.663701 -3.890780
3.663795 -3.892767
3.663889 -3.894353
3.663983 -3.900288
3.664078 -3.887646
3.664172 -3.888823
3.664266 -3.878635
3.664360 -3.868692
3.664454 -3.865607
3.664548 -3.874216
3.664642 -3.882536
3.664736 -3.881705
3.664830 -3.872177
3.664924 -3.868336
3.665018 -3.877642
3.665112 -3.887360
3.665206 -3.889259
3.665299 -3.876512
3.665393 -3.867275
3.665487 -3.859689
3.665581 -3.858367
3.665675 -3.860286
3.665769 -3.865829
3.665862 -3.861345
3.665956 -3.858547
3.666050 -3.865907
3.666143 -3.862772
3.666237 -3.893347
3.666331 -3.872661
3.666424 -3.884133
3.666518 -3.887205
3.666612 -3.881377
3.666705 -3.883768
3.666799 -3.871057
3.666892 -3.876621
3.666986 -3.869825
3.667079 -3.875106
3.667173 -3.860312
3.667266 -3.856087
3.667360 -3.856717
3.667453 -3.869070
3.667546 -3.870733
3.667640 -3.870651
3.667733 -3.870654
3.667826 -3.876769
3.667920 -3.869615
3.668013 -3.868796
3.668106 -3.862665
3.668199 -3.857127
3.668293 -3.856752
3.668386 -3.846155
3.668479 -3.863029
3.668572 -3.875191
3.668665 -3.889214
3.668759 -3.896598
3.668852 -3.888972
3.668945 -3.888278
3.669038 -3.892493
3.669131 -3.916485
3.669224 -3.928726
3.669317 -3.934973
3.669410 -3.910626
3.669503 -3.911663
3.669596 -3.899446
3.669689 -3.901704
3.669782 -3.907600
3.669875 -3.890788
3.669967 -3.892499
3.670060 -3.901358
3.670153 -3.915243
3.670246 -3.916226
3.670339 -3.920700
3.670431 -3.903610
3.670524 -3.909856
3.670617 -3.907907
3.670710 -3.915033
3.670802 -3.910284
3.670895 -3.919110
3.670988 -3.915340
3.671080 -3.910856
3.671173 -3.904977
3.671265 -3.899869
3.671358 -3.894945
3.671451 -3.901160
3.671543 -3.900566
3.671636 -3.910487
3.671728 -3.909128
3.671821 -3.913745
3.671913 -3.885390
3.672005 -3.890059
3.672098 -3.885221
3.672190 -3.877040
3.672283 -3.882443
3.672375 -3.878997
3.672467 -3.884855
3.672560 -3.871472
3.672652 -3.893664
3.672744 -3.891153
3.672836 -3.876746
3.672929 -3.875487
3.673021 -3.884206
3.673113 -3.882135
3.673205 -3.888115
3.673297 -3.878181
3.673390 -3.884028
3.673482 -3.879716
3.673574 -3.884011
3.673666 -3.890259
3.673758 -3.884442
3.673850 -3.888062
3.673942 -3.896195
3.674034 -3.902750
3.674126 -3.909684
3.674218 -3.907916
3.674310 -3.917075
3.674402 -3.920638
3.674494 -3.913962
3.674586 -3.916758
3.674677 -3.918241
3.674769 -3.914313
3.674861 -3.922226
3.674953 -3.917892
3.675045 -3.926489
3.675137 -3.924794
3.675228 -3.921029
3.675320 -3.929670
3.675412 -3.920105
3.675503 -3.926577
3.675595 -3.924132
3.675687 -3.929212
3.675778 -3.936375
3.675870 -3.955047
3.675962 -3.965790
3.676053 -3.992638
3.676145 -3.970068
3.676236 -3.954621
3.676328 -3.942734
3.676419 -3.950865
3.676511 -3.943443
3.676602 -3.931001
3.676694 -3.925374
3.676785 -3.919471
3.676876 -3.906627
3.676968 -3.920398
3.677059 -3.903137
3.677151 -3.902049
3.677242 -3.894604
3.677333 -3.896262
3.677424 -3.878744
3.677516 -3.865345
3.677607 -3.877420
3.677698 -3.881932
3.677789 -3.886885
3.677881 -3.881421
3.677972 -3.883681
3.678063 -3.899385
3.678154 -3.892351
3.678245 -3.899679
3.678336 -3.909458
3.678427 -3.902917
3.678518 -3.897294
3.678609 -3.899126
3.678700 -3.902686
3.678791 -3.899713
3.678882 -3.893340
3.678973 -3.879741
3.679064 -3.883512
3.679155 -3.871096
3.679246 -3.854746
3.679337 -3.851553
3.679428 -3.847936
3.679519 -3.853718
3.679610 -3.847712
3.679700 -3.846520
3.679791 -3.863494
3.679882 -3.870954
3.679973 -3.876358
3.680063 -3.883774
3.680154 -3.867115
3.680245 -3.859537
3.680336 -3.856134
3.680426 -3.851883
3.680517 -3.850894
3.680607 -3.867264
3.680698 -3.864692
3.680789 -3.847136
3.680879 -3.846313
3.680970 -3.849898
3.681060 -3.851196
3.681151 -3.837135
3.681241 -3.827582
3.681332 -3.830616
3.681422 -3.830929
3.681513 -3.826087
3.681603 -3.823292
3.681693 -3.819268
3.681784 -3.835502
3.681874 -3.854199
3.681964 -3.843984
3.682055 -3.834376
3.682145 -3.838031
3.682235 -3.856266
3.682326 -3.858038
3.682416 -3.864184
3.682506 -3.871381
3.682596 -3.868662
3.682686 -3.867041
3.682777 -3.879840
3.682867 -3.885899
3.682957 -3.892123
3.683047 -3.901344
3.683137 -3.910510
3.683227 -3.915434
3.683317 -3.911294
3.683407 -3.909598
3.683497 -3.921032
3.683587 -3.912877
3.683677 -3.908441
3.683767 -3.895930
3.683857 -3.883731
3.683947 -3.880609
3.684037 -3.877225
3.684127 -3.874981
3.684217 -3.872205
3.684307 -3.871258
3.684396 -3.863420
3.684486 -3.870431
3.684576 -3.868001
3.684666 -3.852545
3.684756 -3.841643
3.684845 -3.843729
3.684935 -3.845393
3.685025 -3.844916
3.685114 -3.847929
3.685204 -3.864552
3.685294 -3.847591
3.685383 -3.847301
3.685473 -3.839072
3.685563 -3.815671
3.685652 -3.812880
3.685742 -3.821724
3.685831 -3.816461
3.685921 -3.807207
3.686010 -3.806830
3.686100 -3.819507
3.686189 -3.820455
3.686279 -3.832747
3.686368 -3.837279
3.686458 -3.837806
3.686547 -3.826668
3.686636 -3.814914
3.686726 -3.812108
3.686815 -3.799508
3.686904 -3.815905
3.686994 -3.799371
3.687083 -3.773442
3.687172 -3.752104
3.687261 -3.749439
3.687351 -3.761591
3.687440 -3.741897
3.687529 -3.741140
3.687618 -3.734045
3.687707 -3.727300
3.687796 -3.734450
3.687886 -3.727279
3.687975 -3.722858
3.688064 -3.745932
3.688153 -3.756483
3.688242 -3.764835
3.688331 -3.767968
3.688420 -3.763355
3.688509 -3.790153
3.688598 -3.779101
3.688687 -3.795400
3.688776 -3.779055
3.688865 -3.787420
3.688953 -3.795383
3.689042 -3.790959
3.689131 -3.798524
3.689220 -3.791628
3.689309 -3.796430
3.689398 -3.800181
3.689486 -3.807946
3.689575 -3.816251
3.689664 -3.820399
3.689753 -3.837232
3.689841 -3.847829
3.689930 -3.849619
3.690019 -3.837178
3.690107 -3.825754
3.690196 -3.823429
3.690285 -3.828256
3.690373 -3.826967
3.690462 -3.833825
3.690550 -3.830334
3.690639 -3.835405
3.690728 -3.834136
3.690816 -3.826000
3.690905 -3.827650
3.690993 -3.829803
3.691081 -3.815005
3.691170 -3.815060
3.691258 -3.806694
3.691347 -3.812737
3.691435 -3.810000
3.691524 -3.809530
3.691612 -3.812302
3.691700 -3.790498
3.691789 -3.774827
3.691877 -3.770139
3.691965 -3.789912
3.692053 -3.815956
3.692142 -3.813938
3.692230 -3.818221
3.692318 -3.837568
3.692406 -3.826084
3.692494 -3.815287
3.692583 -3.815774
3.692671 -3.826011
3.692759 -3.820498
3.692847 -3.828715
3.692935 -3.824451
3.693023 -3.835197
3.693111 -3.845863
3.693199 -3.842082
3.693287 -3.838258
3.693375 -3.840022
3.693463 -3.840377
3.693551 -3.834623
3.693639 -3.828149
3.693727 -3.849807
3.693815 -3.851211
3.693903 -3.842714
3.693991 -3.853796
3.694078 -3.855399
3.694166 -3.856177
3.694254 -3.851352
3.694342 -3.846812
3.694430 -3.835205
3.694517 -3.825051
3.694605 -3.808796
3.694693 -3.808398
3.694781 -3.831567
3.694868 -3.822923
3.694956 -3.830541
3.695044 -3.837362
3.695131 -3.835297
3.695219 -3.835829
3.695307 -3.861017
3.695394 -3.872864
3.695482 -3.864371
3.695569 -3.870546
3.695657 -3.870475
3.695744 -3.871138
3.695832 -3.884996
3.695919 -3.885412
3.696007 -3.862258
3.696094 -3.859501
3.696182 -3.856841
3.696269 -3.843480
3.696356 -3.837757
3.696444 -3.828348
3.696531 -3.827400
3.696618 -3.829907
3.696706 -3.837892
3.696793 -3.828996
3.696880 -3.833385
3.696968 -3.835491
3.697055 -3.830211
3.697142 -3.836002
3.697229 -3.835875
3.697317 -3.838564
3.697404 -3.828705
3.697491 -3.835152
3.697578 -3.835919
3.697665 -3.853522
3.697752 -3.861834
3.697839 -3.861645
3.697926 -3.838697
3.698014 -3.838154
3.698101 -3.823351
3.698188 -3.825972
3.698275 -3.837030
3.698362 -3.843015
3.698449 -3.841929
3.698535 -3.831100
3.698622 -3.837018
3.698709 -3.829095
3.698796 -3.812457
3.698883 -3.807600
