0.000000 0.377279
0.301030 0.238434
0.477121 0.159559
0.602060 0.107591
0.698970 0.066178
0.778151 0.032725
0.845098 0.006115
0.903090 -0.017194
0.954243 -0.038326
1.000000 -0.055715
1.041393 -0.073290
1.079181 -0.087686
1.113943 -0.101350
1.146128 -0.113868
1.176091 -0.129944
1.204120 -0.140192
1.230449 -0.147526
1.255273 -0.158192
1.278754 -0.163844
1.301030 -0.172430
1.322219 -0.186352
1.342423 -0.191329
1.361728 -0.201729
1.380211 -0.208753
1.397940 -0.209200
1.414973 -0.220097
1.431364 -0.227221
1.447158 -0.234894
1.462398 -0.238352
1.477121 -0.245038
1.491362 -0.254654
1.505150 -0.258225
1.518514 -0.266101
1.531479 -0.270677
1.544068 -0.274934
1.556303 -0.276390
1.568202 -0.283363
1.579784 -0.286184
1.591065 -0.294045
1.602060 -0.291910
1.612784 -0.299546
1.623249 -0.303618
1.633468 -0.308362
1.643453 -0.309193
1.653213 -0.319026
1.662758 -0.321073
1.672098 -0.319671
1.681241 -0.328561
1.690196 -0.330542
1.698970 -0.332753
1.707570 -0.341515
1.716003 -0.340145
1.724276 -0.346184
1.732394 -0.350607
1.740363 -0.346022
1.748188 -0.356886
1.755875 -0.353558
1.763428 -0.361199
1.770852 -0.362495
1.778151 -0.368376
1.785330 -0.376077
1.792392 -0.370370
1.799341 -0.368727
1.806180 -0.378286
1.812913 -0.379773
1.819544 -0.390657
1.826075 -0.384091
1.832509 -0.380987
1.838849 -0.396491
1.845098 -0.395148
1.851258 -0.397932
1.857332 -0.394086
1.863323 -0.398969
1.869232 -0.412375
1.875061 -0.413607
1.880814 -0.409349
1.886491 -0.420343
1.892095 -0.415619
1.897627 -0.420451
1.903090 -0.414749
1.908485 -0.413160
1.913814 -0.425982
1.919078 -0.429744
1.924279 -0.440023
1.929419 -0.439919
1.934498 -0.441495
1.939519 -0.433882
1.944483 -0.433639
1.949390 -0.439048
1.954243 -0.438395
1.959041 -0.438192
1.963788 -0.442906
1.968483 -0.447948
1.973128 -0.446248
1.977724 -0.461005
1.982271 -0.451203
1.986772 -0.466615
1.991226 -0.455733
1.995635 -0.459864
2.000000 -0.464743
2.004321 -0.462624
2.008600 -0.465936
2.012837 -0.471423
2.017033 -0.465836
2.021189 -0.470071
2.025306 -0.475206
2.029384 -0.474094
2.033424 -0.473536
2.037426 -0.470390
2.041393 -0.483336
2.045323 -0.488439
2.049218 -0.479020
2.053078 -0.489204
2.056905 -0.487559
2.060698 -0.491568
2.064458 -0.489652
2.068186 -0.494021
2.071882 -0.494674
2.075547 -0.497145
2.079181 -0.500334
2.082785 -0.500763
2.086360 -0.497171
2.089905 -0.503296
2.093422 -0.494912
2.096910 -0.503386
2.100371 -0.505186
2.103804 -0.500280
2.107210 -0.505421
2.110590 -0.510278
2.113943 -0.510316
2.117271 -0.513377
2.120574 -0.512336
2.123852 -0.515377
2.127105 -0.519548
2.130334 -0.527723
2.133539 -0.508062
2.136721 -0.512015
2.139879 -0.523323
2.143015 -0.524884
2.146128 -0.517581
2.149219 -0.518368
2.152288 -0.532828
2.155336 -0.528288
2.158362 -0.527302
2.161368 -0.539900
2.164353 -0.535165
2.167317 -0.544203
2.170262 -0.519705
2.173186 -0.531235
2.176091 -0.543002
2.178977 -0.535766
2.181844 -0.537255
2.184691 -0.545039
2.187521 -0.533451
2.190332 -0.541146
2.193125 -0.551251
2.195900 -0.537682
2.198657 -0.545726
2.201397 -0.542762
2.204120 -0.561826
2.206826 -0.548293
2.209515 -0.558322
2.212188 -0.556329
2.214844 -0.556644
2.217484 -0.566609
2.220108 -0.556254
2.222716 -0.568215
2.225309 -0.563851
2.227887 -0.558664
2.230449 -0.562680
2.232996 -0.551799
2.235528 -0.567667
2.238046 -0.568770
2.240549 -0.565759
2.243038 -0.569283
2.245513 -0.576414
2.247973 -0.570303
2.250420 -0.570586
2.252853 -0.574416
2.255273 -0.581225
2.257679 -0.585914
2.260071 -0.578097
2.262451 -0.585229
2.264818 -0.577671
2.267172 -0.592627
2.269513 -0.583428
2.271842 -0.577801
2.274158 -0.587495
2.276462 -0.579687
2.278754 -0.581611
2.281033 -0.587938
2.283301 -0.590531
2.285557 -0.593046
2.287802 -0.591189
2.290035 -0.602523
2.292256 -0.598796
2.294466 -0.595317
2.296665 -0.595135
2.298853 -0.600170
2.301030 -0.594319
2.303196 -0.603809
2.305351 -0.591840
2.307496 -0.600231
2.309630 -0.596265
2.311754 -0.599798
2.313867 -0.610733
2.315970 -0.596675
2.318063 -0.615179
2.320146 -0.596887
2.322219 -0.606802
2.324282 -0.604196
2.326336 -0.618177
2.328380 -0.615480
2.330414 -0.599071
2.332438 -0.592321
2.334454 -0.606256
2.336460 -0.600264
2.338456 -0.599750
2.340444 -0.605995
2.342423 -0.627902
2.344392 -0.624668
2.346353 -0.616494
2.348305 -0.626558
2.350248 -0.615134
2.352183 -0.612974
2.354108 -0.625797
2.356026 -0.622923
2.357935 -0.629026
2.359835 -0.606381
2.361728 -0.629474
2.363612 -0.643326
2.365488 -0.636592
2.367356 -0.623948
2.369216 -0.627515
2.371068 -0.625055
2.372912 -0.646858
2.374748 -0.623753
2.376577 -0.631436
2.378398 -0.638314
2.380211 -0.638360
2.382017 -0.627529
2.383815 -0.624315
2.385606 -0.641981
2.387390 -0.628755
2.389166 -0.624971
2.390935 -0.648782
2.392697 -0.639316
2.394452 -0.650121
2.396199 -0.631703
2.397940 -0.635283
2.399674 -0.659887
2.401401 -0.638304
2.403121 -0.652148
2.404834 -0.632051
2.406540 -0.649720
2.408240 -0.647290
2.409933 -0.635426
2.411620 -0.668276
2.413300 -0.650198
2.414973 -0.659510
2.416641 -0.646716
2.418301 -0.656147
2.419956 -0.663621
2.421604 -0.645081
2.423246 -0.666550
2.424882 -0.650963
2.426511 -0.671738
2.428135 -0.658523
2.429752 -0.664867
2.431364 -0.655011
2.432969 -0.654201
2.434569 -0.651876
2.436163 -0.670312
2.437751 -0.655042
2.439333 -0.661829
2.440909 -0.661297
2.442480 -0.679726
2.444045 -0.669547
2.445604 -0.656480
2.447158 -0.666543
2.448706 -0.655481
2.450249 -0.668636
2.451786 -0.678894
2.453318 -0.681110
2.454845 -0.670290
2.456366 -0.656017
2.457882 -0.661110
2.459392 -0.685757
2.460898 -0.673538
2.462398 -0.670775
2.463893 -0.673612
2.465383 -0.659865
2.466868 -0.678369
2.468347 -0.685161
2.469822 -0.688191
2.471292 -0.676289
2.472756 -0.661203
2.474216 -0.671669
2.475671 -0.670852
2.477121 -0.684145
2.478566 -0.696752
2.480007 -0.695024
2.481443 -0.693098
2.482874 -0.673973
2.484300 -0.685708
2.485721 -0.680536
2.487138 -0.704908
2.488551 -0.686315
2.489958 -0.684990
2.491362 -0.686199
2.492760 -0.689713
2.494155 -0.692831
2.495544 -0.698987
2.496930 -0.681283
2.498311 -0.691413
2.499687 -0.708525
2.501059 -0.708116
2.502427 -0.693935
2.503791 -0.689407
2.505150 -0.702539
2.506505 -0.694799
2.507856 -0.700783
2.509203 -0.716124
2.510545 -0.696171
2.511883 -0.698047
2.513218 -0.692878
2.514548 -0.700716
2.515874 -0.692333
2.517196 -0.704694
2.518514 -0.724006
2.519828 -0.716418
2.521138 -0.699594
2.522444 -0.688151
2.523746 -0.702198
2.525045 -0.707504
2.526339 -0.698732
2.527630 -0.720293
2.528917 -0.705145
2.530200 -0.711627
2.531479 -0.722278
2.532754 -0.708581
2.534026 -0.709292
2.535294 -0.700352
2.536558 -0.719678
2.537819 -0.716852
2.539076 -0.717759
2.540329 -0.713840
2.541579 -0.722512
2.542825 -0.712232
2.544068 -0.727851
2.545307 -0.715190
2.546543 -0.718672
2.547775 -0.718089
2.549003 -0.736996
2.550228 -0.724736
2.551450 -0.716218
2.552668 -0.732222
2.553883 -0.720956
2.555094 -0.731331
2.556303 -0.705895
2.557507 -0.723420
2.558709 -0.719470
2.559907 -0.735027
2.561101 -0.737014
2.562293 -0.726478
2.563481 -0.736513
2.564666 -0.736253
2.565848 -0.730192
2.567026 -0.724003
2.568202 -0.756859
2.569374 -0.697411
2.570543 -0.762034
2.571709 -0.741633
2.572872 -0.718025
2.574031 -0.754909
2.575188 -0.732557
2.576341 -0.735387
2.577492 -0.736084
2.578639 -0.727303
2.579784 -0.719387
2.580925 -0.747428
2.582063 -0.739157
2.583199 -0.743972
2.584331 -0.734135
2.585461 -0.765769
2.586587 -0.742681
2.587711 -0.736422
2.588832 -0.743909
2.589950 -0.735299
2.591065 -0.758168
2.592177 -0.740479
2.593286 -0.760490
2.594393 -0.765382
2.595496 -0.721888
2.596597 -0.720721
2.597695 -0.733067
2.598791 -0.757060
2.599883 -0.757838
2.600973 -0.744564
2.602060 -0.743381
2.603144 -0.769212
2.604226 -0.770479
2.605305 -0.742734
2.606381 -0.736221
2.607455 -0.760508
2.608526 -0.750688
2.609594 -0.785256
2.610660 -0.750827
2.611723 -0.744963
2.612784 -0.746638
2.613842 -0.743963
2.614897 -0.763702
2.615950 -0.744551
2.617000 -0.761831
2.618048 -0.742918
2.619093 -0.784980
2.620136 -0.741952
2.621176 -0.770472
2.622214 -0.758734
2.623249 -0.770062
2.624282 -0.773260
2.625312 -0.759975
2.626340 -0.741435
2.627366 -0.794120
2.628389 -0.769046
2.629410 -0.775218
2.630428 -0.761120
2.631444 -0.750312
2.632457 -0.787417
2.633468 -0.778991
2.634477 -0.754808
2.635484 -0.756138
2.636488 -0.757790
2.637490 -0.763065
2.638489 -0.773284
2.639486 -0.764101
2.640481 -0.766124
2.641474 -0.780964
2.642465 -0.774281
2.643453 -0.782699
2.644439 -0.757581
2.645422 -0.769361
2.646404 -0.755848
2.647383 -0.761710
2.648360 -0.787886
2.649335 -0.769293
2.650308 -0.792378
2.651278 -0.784545
2.652246 -0.780085
2.653213 -0.794209
2.654177 -0.779618
2.655138 -0.776981
2.656098 -0.772230
2.657056 -0.771626
2.658011 -0.762745
2.658965 -0.775726
2.659916 -0.778348
2.660865 -0.785708
2.661813 -0.785785
2.662758 -0.789593
2.663701 -0.766356
2.664642 -0.793127
2.665581 -0.794466
2.666518 -0.792223
2.667453 -0.789818
2.668386 -0.772845
2.669317 -0.799502
2.670246 -0.794378
2.671173 -0.788753
2.672098 -0.783726
2.673021 -0.780737
2.673942 -0.784572
2.674861 -0.796650
2.675778 -0.794441
2.676694 -0.796812
2.677607 -0.776496
2.678518 -0.778031
2.679428 -0.807357
2.680336 -0.778848
2.681241 -0.787013
2.682145 -0.783699
2.683047 -0.778170
2.683947 -0.782006
2.684845 -0.774302
2.685742 -0.783853
2.686636 -0.771967
2.687529 -0.806668
2.688420 -0.800916
2.689309 -0.792367
2.690196 -0.820191
2.691081 -0.810160
2.691965 -0.802978
2.692847 -0.790602
2.693727 -0.803908
2.694605 -0.811009
2.695482 -0.799352
2.696356 -0.778619
2.697229 -0.780643
2.698101 -0.799687
2.698970 -0.787063
2.699838 -0.790636
2.700704 -0.824595
2.701568 -0.804896
2.702431 -0.828686
2.703291 -0.826322
2.704151 -0.798618
2.705008 -0.811206
2.705864 -0.801017
2.706718 -0.807184
2.707570 -0.831693
2.708421 -0.787213
2.709270 -0.786449
2.710117 -0.820074
2.710963 -0.789912
2.711807 -0.800538
2.712650 -0.809705
2.713491 -0.774268
2.714330 -0.799856
2.715167 -0.801491
2.716003 -0.815499
2.716838 -0.829779
2.717671 -0.815634
2.718502 -0.822579
2.719331 -0.816657
2.720159 -0.820552
2.720986 -0.830621
2.721811 -0.801626
2.722634 -0.797125
2.723456 -0.805507
2.724276 -0.834481
2.725095 -0.811184
2.725912 -0.806610
2.726727 -0.807750
2.727541 -0.827664
2.728354 -0.845821
2.729165 -0.845756
2.729974 -0.843859
2.730782 -0.829569
2.731589 -0.827622
2.732394 -0.831756
2.733197 -0.840370
2.733999 -0.812013
2.734800 -0.795142
2.735599 -0.792490
2.736397 -0.809143
2.737193 -0.831357
2.737987 -0.824919
2.738781 -0.815966
2.739572 -0.824916
2.740363 -0.824723
2.741152 -0.821101
2.741939 -0.830940
2.742725 -0.824167
2.743510 -0.826460
2.744293 -0.827803
2.745075 -0.822947
2.745855 -0.824778
2.746634 -0.814536
2.747412 -0.825270
2.748188 -0.820465
2.748963 -0.829089
2.749736 -0.826787
2.750508 -0.838678
2.751279 -0.848843
2.752048 -0.834783
2.752816 -0.835558
2.753583 -0.828409
2.754348 -0.839100
2.755112 -0.843790
2.755875 -0.836127
2.756636 -0.818926
2.757396 -0.832130
2.758155 -0.837614
2.758912 -0.854976
2.759668 -0.838048
2.760422 -0.823998
2.761176 -0.835265
2.761928 -0.863844
2.762679 -0.861918
2.763428 -0.821159
2.764176 -0.846355
2.764923 -0.864262
2.765669 -0.859910
2.766413 -0.837421
2.767156 -0.842868
2.767898 -0.844816
2.768638 -0.839006
2.769377 -0.846605
2.770115 -0.855273
2.770852 -0.852784
2.771587 -0.843946
2.772322 -0.829417
2.773055 -0.828828
2.773786 -0.828946
2.774517 -0.834946
2.775246 -0.847669
2.775974 -0.866246
2.776701 -0.841178
2.777427 -0.824517
2.778151 -0.848944
2.778874 -0.858302
2.779596 -0.846270
2.780317 -0.843537
2.781037 -0.856089
2.781755 -0.863532
2.782473 -0.845713
2.783189 -0.840688
2.783904 -0.849660
2.784617 -0.858003
2.785330 -0.849219
2.786041 -0.841154
2.786751 -0.844746
2.787460 -0.858129
2.788168 -0.860953
2.788875 -0.855577
2.789581 -0.849814
2.790285 -0.851867
2.790988 -0.833055
2.791691 -0.841092
2.792392 -0.831610
2.793092 -0.859581
2.793790 -0.866501
2.794488 -0.857850
2.795185 -0.857019
2.795880 -0.835774
2.796574 -0.836844
2.797268 -0.862492
2.797960 -0.851484
2.798651 -0.868466
2.799341 -0.846081
2.800029 -0.847078
2.800717 -0.856445
2.801404 -0.841913
2.802089 -0.830776
2.802774 -0.854575
2.803457 -0.867316
2.804139 -0.872781
2.804821 -0.856811
2.805501 -0.839661
2.806180 -0.850070
2.806858 -0.850489
2.807535 -0.831873
2.808211 -0.842729
2.808886 -0.870474
2.809560 -0.901062
2.810233 -0.883441
2.810904 -0.857050
2.811575 -0.852477
2.812245 -0.871781
2.812913 -0.893925
2.813581 -0.892336
2.814248 -0.894847
2.814913 -0.881250
2.815578 -0.855159
2.816241 -0.863928
2.816904 -0.880967
2.817565 -0.892637
2.818226 -0.902449
2.818885 -0.892885
2.819544 -0.883029
2.820201 -0.863749
2.820858 -0.870907
2.821514 -0.879357
2.822168 -0.877301
2.822822 -0.857231
2.823474 -0.854250
2.824126 -0.862650
2.824776 -0.863617
2.825426 -0.872825
2.826075 -0.863095
2.826723 -0.883590
2.827369 -0.874672
2.828015 -0.874670
2.828660 -0.881750
2.829304 -0.876069
2.829947 -0.868112
2.830589 -0.861965
2.831230 -0.863131
2.831870 -0.861623
2.832509 -0.882851
2.833147 -0.873176
2.833784 -0.886699
2.834421 -0.888038
2.835056 -0.871051
2.835691 -0.891871
2.836324 -0.899505
2.836957 -0.910338
2.837588 -0.895052
2.838219 -0.884475
2.838849 -0.886220
2.839478 -0.870429
2.840106 -0.870840
2.840733 -0.871375
2.841359 -0.867734
2.841985 -0.897584
2.842609 -0.899632
2.843233 -0.910148
2.843855 -0.889029
2.844477 -0.885723
2.845098 -0.868185
2.845718 -0.852671
2.846337 -0.854481
2.846955 -0.855906
2.847573 -0.862181
2.848189 -0.869057
2.848805 -0.876617
2.849419 -0.897136
2.850033 -0.894431
2.850646 -0.881524
2.851258 -0.876376
2.851870 -0.874545
2.852480 -0.880449
2.853090 -0.882533
2.853698 -0.904907
2.854306 -0.921695
2.854913 -0.911248
2.855519 -0.911152
2.856124 -0.879761
2.856729 -0.867079
2.857332 -0.861332
2.857935 -0.875777
2.858537 -0.886822
2.859138 -0.900597
2.859739 -0.891889
2.860338 -0.888795
2.860937 -0.886136
2.861534 -0.890753
2.862131 -0.907763
2.862728 -0.880893
2.863323 -0.893312
2.863917 -0.868001
2.864511 -0.866772
2.865104 -0.875317
2.865696 -0.871554
2.866287 -0.873547
2.866878 -0.876542
2.867467 -0.864815
2.868056 -0.882293
2.868644 -0.902065
2.869232 -0.919064
2.869818 -0.906838
2.870404 -0.884459
2.870989 -0.904181
2.871573 -0.916859
2.872156 -0.898569
2.872739 -0.898311
2.873321 -0.878964
2.873902 -0.854070
2.874482 -0.876707
2.875061 -0.907407
2.875640 -0.902990
2.876218 -0.906256
2.876795 -0.891409
2.877371 -0.866544
2.877947 -0.897233
2.878522 -0.899909
2.879096 -0.899035
2.879669 -0.918455
2.880242 -0.906996
2.880814 -0.886535
2.881385 -0.909832
2.881955 -0.916140
2.882525 -0.923750
2.883093 -0.916793
2.883661 -0.889884
2.884229 -0.877325
2.884795 -0.913442
2.885361 -0.924064
2.885926 -0.932599
2.886491 -0.937224
2.887054 -0.907673
2.887617 -0.873164
2.888179 -0.862360
2.888741 -0.879416
2.889302 -0.895606
2.889862 -0.915045
2.890421 -0.921669
2.890980 -0.902400
2.891537 -0.892092
2.892095 -0.908608
2.892651 -0.897763
2.893207 -0.907353
2.893762 -0.912389
2.894316 -0.917062
2.894870 -0.920115
2.895423 -0.920655
2.895975 -0.903916
2.896526 -0.910823
2.897077 -0.909500
2.897627 -0.883962
2.898176 -0.885075
2.898725 -0.906781
2.899273 -0.925295
2.899821 -0.949504
2.900367 -0.936987
2.900913 -0.916805
2.901458 -0.911316
2.902003 -0.891360
2.902547 -0.885813
2.903090 -0.899760
2.903633 -0.908647
2.904174 -0.901458
2.904716 -0.893717
2.905256 -0.894708
2.905796 -0.902811
2.906335 -0.909323
2.906874 -0.925392
2.907411 -0.915864
2.907949 -0.897188
2.908485 -0.887064
2.909021 -0.884440
2.909556 -0.895242
2.910091 -0.917965
2.910624 -0.937222
2.911158 -0.940137
2.911690 -0.916057
2.912222 -0.913316
2.912753 -0.900977
2.913284 -0.912980
2.913814 -0.920103
2.914343 -0.918392
2.914872 -0.929438
2.915400 -0.927393
2.915927 -0.924319
2.916454 -0.920578
2.916980 -0.922772
2.917506 -0.936290
2.918030 -0.956703
2.918555 -0.944785
2.919078 -0.928195
2.919601 -0.923981
2.920123 -0.924579
2.920645 -0.913016
2.921166 -0.902506
2.921686 -0.894281
2.922206 -0.893009
2.922725 -0.900734
2.923244 -0.909379
2.923762 -0.921969
2.924279 -0.913916
2.924796 -0.923058
2.925312 -0.938125
2.925828 -0.941345
2.926342 -0.937550
2.926857 -0.921887
2.927370 -0.916732
2.927883 -0.920301
2.928396 -0.926654
2.928908 -0.931591
2.929419 -0.922592
2.929930 -0.911759
2.930440 -0.910330
2.930949 -0.907444
2.931458 -0.910332
2.931966 -0.905143
2.932474 -0.904348
2.932981 -0.922507
2.933487 -0.937492
2.933993 -0.941121
2.934498 -0.936766
2.935003 -0.936823
2.935507 -0.930442
2.936011 -0.919034
2.936514 -0.918250
2.937016 -0.915241
2.937518 -0.905521
2.938019 -0.898220
2.938520 -0.895322
2.939020 -0.928763
2.939519 -0.936443
2.940018 -0.954158
2.940516 -0.943144
2.941014 -0.939969
2.941511 -0.919106
2.942008 -0.914021
2.942504 -0.911666
2.943000 -0.921131
2.943495 -0.925909
2.943989 -0.943717
2.944483 -0.956051
2.944976 -0.938241
2.945469 -0.945654
2.945961 -0.952221
2.946452 -0.942995
2.946943 -0.942163
2.947434 -0.929162
2.947924 -0.934532
2.948413 -0.931294
2.948902 -0.936176
2.949390 -0.945050
2.949878 -0.936195
2.950365 -0.941379
2.950851 -0.951926
2.951338 -0.958517
2.951823 -0.957895
2.952308 -0.941190
2.952792 -0.925548
2.953276 -0.918170
2.953760 -0.918081
2.954243 -0.935341
2.954725 -0.959230
2.955207 -0.950190
2.955688 -0.946139
2.956168 -0.959778
2.956649 -0.965259
2.957128 -0.958362
2.957607 -0.944170
2.958086 -0.941719
2.958564 -0.954149
2.959041 -0.959596
2.959518 -0.949859
2.959995 -0.953506
2.960471 -0.949235
2.960946 -0.948376
2.961421 -0.947868
2.961895 -0.944574
2.962369 -0.934936
2.962843 -0.948538
2.963316 -0.940224
2.963788 -0.936940
2.964260 -0.932258
2.964731 -0.929063
2.965202 -0.935479
2.965672 -0.962254
2.966142 -0.951899
2.966611 -0.958241
2.967080 -0.958163
2.967548 -0.961000
2.968016 -0.953302
2.968483 -0.941301
2.968950 -0.931384
2.969416 -0.920503
2.969882 -0.923467
2.970347 -0.934764
2.970812 -0.951428
2.971276 -0.965427
2.971740 -0.966562
2.972203 -0.978213
2.972666 -0.977515
2.973128 -0.977084
2.973590 -0.945858
2.974051 -0.935402
2.974512 -0.935820
2.974972 -0.947363
2.975432 -0.947774
2.975891 -0.938148
2.976350 -0.933054
2.976808 -0.942437
2.977266 -0.943068
2.977724 -0.943277
2.978181 -0.946644
2.978637 -0.950520
2.979093 -0.958705
2.979548 -0.960345
2.980003 -0.967317
2.980458 -0.964351
2.980912 -0.951438
2.981366 -0.932806
2.981819 -0.923436
2.982271 -0.939296
2.982723 -0.954743
2.983175 -0.956010
2.983626 -0.972704
2.984077 -0.984238
2.984527 -0.990385
2.984977 -1.000639
2.985426 -0.995802
2.985875 -0.986279
2.986324 -0.977693
2.986772 -0.965597
2.987219 -0.966603
2.987666 -0.962042
2.988113 -0.968649
2.988559 -0.984487
2.989005 -0.981645
2.989450 -0.975628
2.989895 -0.958327
2.990339 -0.953376
2.990783 -0.968597
2.991226 -0.977974
2.991669 -0.988305
2.992111 -0.985543
2.992554 -0.985421
2.992995 -0.992366
2.993436 -0.993594
2.993877 -1.002081
2.994317 -0.997936
2.994757 -0.989564
2.995196 -0.992821
2.995635 -0.988085
2.996074 -0.964105
2.996512 -0.957752
2.996949 -0.938315
2.997386 -0.936384
2.997823 -0.924069
2.998259 -0.929317
2.998695 -0.932330
2.999131 -0.942511
2.999565 -0.949096
3.000000 -0.968157
3.000434 -0.965550
3.000868 -0.973884
3.001301 -0.990874
3.001734 -1.001790
3.002166 -0.987525
3.002598 -0.981786
3.003029 -0.987404
3.003461 -0.991264
3.003891 -0.992770
3.004321 -1.010655
3.004751 -1.000272
3.005181 -0.992550
3.005609 -0.982470
3.006038 -0.980751
3.006466 -0.982884
3.006894 -0.970484
3.007321 -0.975666
3.007748 -0.964583
3.008174 -0.982552
3.008600 -0.989205
3.009026 -0.984641
3.009451 -0.965266
3.009876 -0.954784
3.010300 -0.958910
3.010724 -0.963237
3.011147 -0.959111
3.011570 -0.949436
3.011993 -0.947679
3.012415 -0.947228
3.012837 -0.955146
3.013259 -0.976914
3.013680 -0.981016
3.014100 -0.976848
3.014521 -0.988202
3.014940 -0.998743
3.015360 -1.011497
3.015779 -1.006978
3.016197 -0.980230
3.016616 -0.973757
3.017033 -0.976346
3.017451 -0.974519
3.017868 -0.979173
3.018284 -0.976577
3.018700 -0.968462
3.019116 -0.977183
3.019532 -0.980662
3.019947 -0.973176
3.020361 -0.974873
3.020775 -0.979145
3.021189 -0.977435
3.021603 -0.961411
3.022016 -0.952380
3.022428 -0.943039
3.022841 -0.921307
3.023252 -0.921910
3.023664 -0.922240
3.024075 -0.921279
3.024486 -0.950534
3.024896 -0.970579
3.025306 -0.996692
3.025715 -0.999927
3.026125 -0.997897
3.026533 -1.001158
3.026942 -1.010363
3.027350 -1.006977
3.027757 -1.002577
3.028164 -1.003920
3.028571 -1.004888
3.028978 -1.004870
3.029384 -1.010198
3.029789 -1.004727
3.030195 -1.002623
3.030600 -0.993922
3.031004 -0.988367
3.031408 -0.978991
3.031812 -0.979168
3.032216 -0.984315
3.032619 -0.982849
3.033021 -0.970392
3.033424 -0.974862
3.033826 -0.985546
3.034227 -0.990217
3.034628 -0.980673
3.035029 -0.971378
3.035430 -0.969165
3.035830 -0.968479
3.036230 -0.966670
3.036629 -0.964338
3.037028 -0.973356
3.037426 -0.978767
3.037825 -0.979462
3.038223 -0.994334
3.038620 -0.990396
3.039017 -0.985432
3.039414 -0.987078
3.039811 -0.997445
3.040207 -1.000166
3.040602 -1.002269
3.040998 -1.012373
3.041393 -1.015766
3.041787 -1.007136
3.042182 -1.004185
3.042576 -1.005967
3.042969 -1.003665
3.043362 -1.000572
3.043755 -1.000716
3.044148 -0.996769
3.044540 -0.993188
3.044932 -0.995240
3.045323 -0.996592
3.045714 -0.998696
3.046105 -0.995653
3.046495 -0.992002
3.046885 -0.998425
3.047275 -1.004571
3.047664 -1.006348
3.048053 -1.007798
3.048442 -1.006699
3.048830 -1.003139
3.049218 -0.987691
3.049606 -0.986765
3.049993 -0.975200
3.050380 -0.985273
3.050766 -0.991070
3.051153 -0.993940
3.051538 -1.004401
3.051924 -1.010840
3.052309 -1.014789
3.052694 -1.017657
3.053078 -1.015276
3.053463 -1.011134
3.053846 -1.017341
3.054230 -1.014168
3.054613 -1.002865
3.054996 -0.988047
3.055378 -0.982125
3.055760 -0.985100
3.056142 -0.998921
3.056524 -1.012123
3.056905 -1.009692
3.057286 -1.006332
3.057666 -1.011327
3.058046 -1.016945
3.058426 -1.033380
3.058805 -1.036128
3.059185 -1.040196
3.059563 -1.045200
3.059942 -1.046432
3.060320 -1.035849
3.060698 -1.035555
3.061075 -1.025384
3.061452 -1.014990
3.061829 -1.002682
3.062206 -1.003582
3.062582 -1.019892
3.062958 -1.021291
3.063333 -1.023431
3.063709 -1.012472
3.064083 -1.001592
3.064458 -0.985150
3.064832 -0.982249
3.065206 -0.991938
3.065580 -1.001904
3.065953 -1.010011
3.066326 -1.005211
3.066699 -0.998863
3.067071 -0.994168
3.067443 -0.988428
3.067815 -0.994637
3.068186 -1.001578
3.068557 -0.999899
3.068928 -1.009140
3.069298 -1.015739
3.069668 -1.019838
3.070038 -1.019289
3.070407 -1.030672
3.070776 -1.041237
3.071145 -1.044786
3.071514 -1.038165
3.071882 -1.033103
3.072250 -1.033886
3.072617 -1.018116
3.072985 -1.014523
3.073352 -1.011950
3.073718 -1.013887
3.074085 -1.018923
3.074451 -1.020732
3.074816 -1.009332
3.075182 -1.002393
3.075547 -0.996126
3.075912 -0.988406
3.076276 -0.980856
3.076640 -0.984127
3.077004 -0.975740
3.077368 -0.973184
3.077731 -0.968575
3.078094 -0.968550
3.078457 -0.970889
3.078819 -0.980061
3.079181 -0.994993
3.079543 -1.013540
3.079904 -1.018474
3.080266 -1.015919
3.080626 -1.026179
3.080987 -1.031103
3.081347 -1.027146
3.081707 -1.026839
3.082067 -1.033023
3.082426 -1.024208
3.082785 -1.021007
3.083144 -1.017324
3.083503 -1.009912
3.083861 -1.004808
3.084219 -1.001278
3.084576 -0.999823
3.084934 -1.008897
3.085291 -1.024873
3.085647 -1.014539
3.086004 -1.009390
3.086360 -1.002969
3.086716 -1.011945
3.087071 -1.012317
3.087426 -1.025867
3.087781 -1.025561
3.088136 -1.029117
3.088490 -1.035786
3.088845 -1.017475
3.089198 -1.015955
3.089552 -0.998899
3.089905 -0.990773
3.090258 -0.983772
3.090611 -0.989078
3.090963 -0.992759
3.091315 -0.996833
3.091667 -1.002798
3.092018 -1.000409
3.092370 -1.006571
3.092721 -1.007516
3.093071 -1.013228
3.093422 -1.016506
3.093772 -1.035514
3.094122 -1.043648
3.094471 -1.044595
3.094820 -1.045559
3.095169 -1.031826
3.095518 -1.028419
3.095866 -1.049340
3.096215 -1.065245
3.096562 -1.070256
3.096910 -1.065608
3.097257 -1.069593
3.097604 -1.063028
3.097951 -1.060915
3.098298 -1.060556
3.098644 -1.055759
3.098990 -1.039304
3.099335 -1.034677
3.099681 -1.046401
3.100026 -1.038726
3.100371 -1.028001
3.100715 -1.022397
3.101059 -1.024275
3.101403 -1.039500
3.101747 -1.046954
3.102091 -1.055951
3.102434 -1.068353
3.102777 -1.070644
3.103119 -1.056083
3.103462 -1.053990
3.103804 -1.075871
3.104146 -1.084418
3.104487 -1.090218
3.104828 -1.090602
3.105169 -1.094401
3.105510 -1.081946
3.105851 -1.068440
3.106191 -1.046769
3.106531 -1.031938
3.106871 -1.020606
3.107210 -1.018246
3.107549 -1.018491
3.107888 -1.009203
3.108227 -0.995240
3.108565 -0.988223
3.108903 -1.000685
3.109241 -1.007332
3.109579 -1.021295
3.109916 -1.038010
3.110253 -1.052428
3.110590 -1.064167
3.110926 -1.063909
3.111263 -1.066537
3.111599 -1.057699
3.111934 -1.049380
3.112270 -1.045666
3.112605 -1.050210
3.112940 -1.054358
3.113275 -1.064473
3.113609 -1.074808
3.113943 -1.093328
3.114277 -1.101318
3.114611 -1.101554
3.114944 -1.096255
3.115278 -1.079325
3.115611 -1.065528
3.115943 -1.063795
3.116276 -1.058782
3.116608 -1.055000
3.116940 -1.056092
3.117271 -1.052636
3.117603 -1.052619
3.117934 -1.064415
3.118265 -1.070238
3.118595 -1.071097
3.118926 -1.079740
3.119256 -1.078588
3.119586 -1.070557
3.119915 -1.071630
3.120245 -1.076456
3.120574 -1.084459
3.120903 -1.069965
3.121231 -1.059609
3.121560 -1.063814
3.121888 -1.058487
3.122216 -1.059475
3.122544 -1.048285
3.122871 -1.049120
3.123198 -1.046904
3.123525 -1.045069
3.123852 -1.046753
3.124178 -1.042827
3.124504 -1.049145
3.124830 -1.059628
3.125156 -1.061704
3.125481 -1.063409
3.125806 -1.053327
3.126131 -1.052763
3.126456 -1.043087
3.126781 -1.043565
3.127105 -1.042491
3.127429 -1.050809
3.127753 -1.047474
3.128076 -1.035461
3.128399 -1.033100
3.128722 -1.022599
3.129045 -1.014073
3.129368 -1.022109
3.129690 -1.027693
3.130012 -1.034311
3.130334 -1.042077
3.130655 -1.052313
3.130977 -1.058252
3.131298 -1.064820
3.131619 -1.063558
3.131939 -1.062743
3.132260 -1.067491
3.132580 -1.073013
3.132900 -1.072543
3.133219 -1.078929
3.133539 -1.072066
3.133858 -1.064102
3.134177 -1.048533
3.134496 -1.045315
3.134814 -1.048710
3.135133 -1.045012
3.135451 -1.041878
3.135769 -1.034834
3.136086 -1.021273
3.136403 -1.021387
3.136721 -1.033158
3.137037 -1.041825
3.137354 -1.049890
3.137671 -1.054479
3.137987 -1.048257
3.138303 -1.034796
3.138618 -1.025312
3.138934 -1.030655
3.139249 -1.016252
3.139564 -1.010632
3.139879 -1.011951
3.140194 -1.007801
3.140508 -0.999282
3.140822 -1.001416
3.141136 -1.003501
3.141450 -1.008395
3.141763 -1.016098
3.142076 -1.016612
3.142389 -1.011202
3.142702 -1.019739
3.143015 -1.028422
3.143327 -1.042842
3.143639 -1.057405
3.143951 -1.067288
3.144263 -1.065683
3.144574 -1.072927
3.144885 -1.075188
3.145196 -1.084469
3.145507 -1.083327
3.145818 -1.074377
3.146128 -1.076739
3.146438 -1.070606
3.146748 -1.064425
3.147058 -1.066860
3.147367 -1.073197
3.147676 -1.067077
3.147985 -1.067115
3.148294 -1.068591
3.148603 -1.068411
3.148911 -1.078634
3.149219 -1.087636
3.149527 -1.097615
3.149835 -1.098204
3.150142 -1.117505
3.150449 -1.113658
3.150756 -1.119223
3.151063 -1.124980
3.151370 -1.121654
3.151676 -1.116266
3.151982 -1.105785
3.152288 -1.092825
3.152594 -1.089569
3.152900 -1.077480
3.153205 -1.070655
3.153510 -1.066653
3.153815 -1.054750
3.154120 -1.044228
3.154424 -1.035088
3.154728 -1.027836
3.155032 -1.027503
3.155336 -1.045369
3.155640 -1.041196
3.155943 -1.032783
3.156246 -1.037369
3.156549 -1.042607
3.156852 -1.047251
3.157154 -1.047498
3.157457 -1.050283
3.157759 -1.048695
3.158061 -1.052141
3.158362 -1.057481
3.158664 -1.068367
3.158965 -1.068693
3.159266 -1.070512
3.159567 -1.066199
3.159868 -1.077661
3.160168 -1.077448
3.160469 -1.079156
3.160769 -1.075821
3.161068 -1.066049
3.161368 -1.055117
3.161667 -1.053739
3.161967 -1.058629
3.162266 -1.054479
3.162564 -1.043823
3.162863 -1.046687
3.163161 -1.048177
3.163460 -1.041803
3.163758 -1.032235
3.164055 -1.035786
3.164353 -1.041340
3.164650 -1.046855
3.164947 -1.053970
3.165244 -1.062048
3.165541 -1.067450
3.165838 -1.070838
3.166134 -1.071621
3.166430 -1.074363
3.166726 -1.084409
3.167022 -1.090994
3.167317 -1.092604
3.167613 -1.094976
3.167908 -1.097730
3.168203 -1.096957
3.168497 -1.096100
3.168792 -1.100439
3.169086 -1.101780
3.169380 -1.104004
3.169674 -1.100575
3.169968 -1.100341
3.170262 -1.100098
3.170555 -1.106430
3.170848 -1.104575
3.171141 -1.100035
3.171434 -1.096540
3.171726 -1.104580
3.172019 -1.107278
3.172311 -1.104249
3.172603 -1.098559
3.172895 -1.087718
3.173186 -1.081854
3.173478 -1.081424
3.173769 -1.079611
3.174060 -1.061397
3.174351 -1.059517
3.174641 -1.052632
3.174932 -1.056600
3.175222 -1.064679
3.175512 -1.067334
3.175802 -1.078982
3.176091 -1.086330
3.176381 -1.085167
3.176670 -1.083544
3.176959 -1.081957
3.177248 -1.077181
3.177536 -1.080983
3.177825 -1.081761
3.178113 -1.083454
3.178401 -1.091305
3.178689 -1.101440
3.178977 -1.102246
3.179264 -1.102492
3.179552 -1.113364
3.179839 -1.111069
3.180126 -1.123493
3.180413 -1.130299
3.180699 -1.129585
3.180986 -1.122259
3.181272 -1.121464
3.181558 -1.120436
3.181844 -1.127652
3.182129 -1.139341
3.182415 -1.146495
3.182700 -1.145133
3.182985 -1.146601
3.183270 -1.139585
3.183555 -1.140999
3.183839 -1.146350
3.184123 -1.144365
3.184407 -1.152384
3.184691 -1.147961
3.184975 -1.144925
3.185259 -1.141981
3.185542 -1.134984
3.185825 -1.138484
3.186108 -1.130353
3.186391 -1.127126
3.186674 -1.136381
3.186956 -1.131537
3.187239 -1.126839
3.187521 -1.125217
3.187803 -1.114871
3.188084 -1.103062
3.188366 -1.097100
3.188647 -1.082638
3.188928 -1.072237
3.189209 -1.078351
3.189490 -1.083809
3.189771 -1.086093
3.190051 -1.082976
3.190332 -1.082103
3.190612 -1.081942
3.190892 -1.090750
3.191171 -1.097437
3.191451 -1.101059
3.191730 -1.098972
3.192010 -1.085522
3.192289 -1.077224
3.192567 -1.075934
3.192846 -1.078456
3.193125 -1.079001
3.193403 -1.070499
3.193681 -1.060878
3.193959 -1.051183
3.194237 -1.056039
3.194514 -1.054820
3.194792 -1.059465
3.195069 -1.063319
3.195346 -1.069453
3.195623 -1.067921
3.195900 -1.067288
3.196176 -1.064673
3.196453 -1.073216
3.196729 -1.081720
3.197005 -1.081431
3.197281 -1.085975
3.197556 -1.086001
3.197832 -1.088828
3.198107 -1.091168
3.198382 -1.086226
3.198657 -1.079838
3.198932 -1.077499
3.199206 -1.078017
3.199481 -1.080323
3.199755 -1.081455
3.200029 -1.080176
3.200303 -1.084026
3.200577 -1.097793
3.200850 -1.098654
3.201124 -1.102771
3.201397 -1.107820
3.201670 -1.113519
3.201943 -1.112053
3.202216 -1.115044
3.202488 -1.115866
3.202761 -1.123258
3.203033 -1.128028
3.203305 -1.124650
3.203577 -1.134921
3.203848 -1.149345
3.204120 -1.164095
3.204391 -1.164520
3.204663 -1.168964
3.204934 -1.172196
3.205204 -1.160125
3.205475 -1.159381
3.205746 -1.167540
3.206016 -1.172727
3.206286 -1.171480
3.206556 -1.169997
3.206826 -1.167336
3.207096 -1.161553
3.207365 -1.157307
3.207634 -1.141986
3.207904 -1.142700
3.208173 -1.135337
3.208441 -1.118614
3.208710 -1.111411
3.208979 -1.096866
3.209247 -1.080220
3.209515 -1.068063
3.209783 -1.063214
3.210051 -1.062906
3.210319 -1.067326
3.210586 -1.069034
3.210853 -1.073178
3.211121 -1.074811
3.211388 -1.078468
3.211654 -1.080309
3.211921 -1.074052
3.212188 -1.078050
3.212454 -1.078817
3.212720 -1.077476
3.212986 -1.080130
3.213252 -1.094986
3.213518 -1.101255
3.213783 -1.094946
3.214049 -1.102513
3.214314 -1.111558
3.214579 -1.103812
3.214844 -1.106917
3.215109 -1.106104
3.215373 -1.109414
3.215638 -1.109201
3.215902 -1.106559
3.216166 -1.103335
3.216430 -1.103789
3.216694 -1.099588
3.216957 -1.100038
3.217221 -1.101395
3.217484 -1.097457
3.217747 -1.092410
3.218010 -1.092081
3.218273 -1.091620
3.218536 -1.097751
3.218798 -1.109612
3.219060 -1.116407
3.219323 -1.108613
3.219585 -1.107878
3.219846 -1.110407
3.220108 -1.104605
3.220370 -1.101754
3.220631 -1.104829
3.220892 -1.105535
3.221153 -1.109922
3.221414 -1.106013
3.221675 -1.101471
3.221936 -1.094758
3.222196 -1.087484
3.222456 -1.084049
3.222716 -1.085886
3.222976 -1.089223
3.223236 -1.085296
3.223496 -1.090669
3.223755 -1.094181
3.224015 -1.092571
3.224274 -1.098644
3.224533 -1.100479
3.224792 -1.104666
3.225051 -1.107092
3.225309 -1.103052
3.225568 -1.096899
3.225826 -1.100961
3.226084 -1.100877
3.226342 -1.109549
3.226600 -1.124516
3.226858 -1.133458
3.227115 -1.141034
3.227372 -1.144776
3.227630 -1.141019
3.227887 -1.146533
3.228144 -1.154900
3.228400 -1.157073
3.228657 -1.152164
3.228913 -1.148875
3.229170 -1.142354
3.229426 -1.131096
3.229682 -1.132332
3.229938 -1.134456
3.230193 -1.122097
3.230449 -1.111389
3.230704 -1.101423
3.230960 -1.087748
3.231215 -1.079968
3.231470 -1.077208
3.231724 -1.082421
3.231979 -1.082506
3.232234 -1.086739
3.232488 -1.091693
3.232742 -1.092511
3.232996 -1.090983
3.233250 -1.091213
3.233504 -1.083821
3.233757 -1.094163
3.234011 -1.096786
3.234264 -1.101268
3.234517 -1.113397
3.234770 -1.108848
3.235023 -1.121207
3.235276 -1.128098
3.235528 -1.133908
3.235781 -1.136065
3.236033 -1.140151
3.236285 -1.150613
3.236537 -1.144229
3.236789 -1.145902
3.237041 -1.147322
3.237292 -1.154859
3.237544 -1.154782
3.237795 -1.148169
3.238046 -1.146263
3.238297 -1.142036
3.238548 -1.152650
3.238799 -1.162417
3.239049 -1.161307
3.239299 -1.160172
3.239550 -1.166905
3.239800 -1.170059
3.240050 -1.166056
3.240300 -1.169398
3.240549 -1.172967
3.240799 -1.179686
3.241048 -1.181014
3.241297 -1.177910
3.241546 -1.171254
3.241795 -1.165680
3.242044 -1.162564
3.242293 -1.161788
3.242541 -1.161417
3.242790 -1.149861
3.243038 -1.147866
3.243286 -1.132116
3.243534 -1.127369
3.243782 -1.125980
3.244030 -1.127284
3.244277 -1.134477
3.244525 -1.136343
3.244772 -1.139222
3.245019 -1.138381
3.245266 -1.143159
3.245513 -1.147840
3.245759 -1.146492
3.246006 -1.140093
3.246252 -1.139753
3.246499 -1.141982
3.246745 -1.144770
3.246991 -1.153641
3.247237 -1.148633
3.247482 -1.146447
3.247728 -1.150507
3.247973 -1.152562
3.248219 -1.152064
3.248464 -1.142897
3.248709 -1.146784
3.248954 -1.154814
3.249198 -1.150865
3.249443 -1.150238
3.249687 -1.161902
3.249932 -1.161718
3.250176 -1.173854
3.250420 -1.185032
3.250664 -1.181989
3.250908 -1.180791
3.251151 -1.175837
3.251395 -1.172480
3.251638 -1.168228
3.251881 -1.169444
3.252125 -1.179452
3.252368 -1.182757
3.252610 -1.189236
3.252853 -1.189338
3.253096 -1.180138
3.253338 -1.175178
3.253580 -1.180367
3.253822 -1.169592
3.254064 -1.158350
3.254306 -1.146473
3.254548 -1.140519
3.254790 -1.142996
3.255031 -1.137909
3.255273 -1.140149
3.255514 -1.144819
3.255755 -1.142192
3.255996 -1.131613
3.256237 -1.127851
3.256477 -1.121309
3.256718 -1.119464
3.256958 -1.120822
3.257198 -1.123551
3.257439 -1.121784
3.257679 -1.113898
3.257918 -1.109539
3.258158 -1.108230
3.258398 -1.102687
3.258637 -1.104496
3.258877 -1.107310
3.259116 -1.107447
3.259355 -1.110161
3.259594 -1.105056
3.259833 -1.101233
3.260071 -1.105303
3.260310 -1.110521
3.260548 -1.114033
3.260787 -1.115629
3.261025 -1.121315
3.261263 -1.128065
3.261501 -1.126818
3.261739 -1.124439
3.261976 -1.129031
3.262214 -1.127397
3.262451 -1.123070
3.262688 -1.124020
3.262925 -1.119249
3.263162 -1.119498
3.263399 -1.124839
3.263636 -1.135778
3.263873 -1.152160
3.264109 -1.158377
3.264346 -1.171693
3.264582 -1.173133
3.264818 -1.175316
3.265054 -1.172415
3.265290 -1.175248
3.265525 -1.175503
3.265761 -1.184044
3.265996 -1.188575
3.266232 -1.186748
3.266467 -1.196166
3.266702 -1.204056
3.266937 -1.204879
3.267172 -1.199121
3.267406 -1.196145
3.267641 -1.187841
3.267875 -1.184104
3.268110 -1.181698
3.268344 -1.177173
3.268578 -1.184956
3.268812 -1.192479
3.269046 -1.194504
3.269279 -1.192254
3.269513 -1.194345
3.269746 -1.203534
3.269980 -1.207116
3.270213 -1.209345
3.270446 -1.205547
3.270679 -1.197465
3.270912 -1.189358
3.271144 -1.190242
3.271377 -1.182041
3.271609 -1.187015
3.271842 -1.195179
3.272074 -1.208369
3.272306 -1.214188
3.272538 -1.216279
3.272770 -1.216799
3.273001 -1.217026
3.273233 -1.220930
3.273464 -1.219693
3.273696 -1.217296
3.273927 -1.219332
3.274158 -1.211135
3.274389 -1.203550
3.274620 -1.193361
3.274850 -1.188915
3.275081 -1.189933
3.275311 -1.187537
3.275542 -1.187190
3.275772 -1.181391
3.276002 -1.172699
3.276232 -1.162084
3.276462 -1.153179
3.276692 -1.145381
3.276921 -1.132862
3.277151 -1.129576
3.277380 -1.135163
3.277609 -1.132773
3.277838 -1.135278
3.278067 -1.134515
3.278296 -1.136719
3.278525 -1.146841
3.278754 -1.144001
3.278982 -1.139640
3.279211 -1.133528
3.279439 -1.128106
3.279667 -1.130716
3.279895 -1.133732
3.280123 -1.132228
3.280351 -1.144085
3.280578 -1.143763
3.280806 -1.146974
3.281033 -1.146187
3.281261 -1.150785
3.281488 -1.152670
3.281715 -1.148388
3.281942 -1.148715
3.282169 -1.142973
3.282396 -1.139564
3.282622 -1.134402
3.282849 -1.137755
3.283075 -1.141611
3.283301 -1.138931
3.283527 -1.144233
3.283753 -1.140122
3.283979 -1.128178
3.284205 -1.138822
3.284431 -1.144995
3.284656 -1.148574
3.284882 -1.156274
3.285107 -1.152632
3.285332 -1.153526
3.285557 -1.156873
3.285782 -1.162254
3.286007 -1.173901
3.286232 -1.185433
3.286456 -1.195838
3.286681 -1.196434
3.286905 -1.197269
3.287130 -1.203314
3.287354 -1.204334
3.287578 -1.200303
3.287802 -1.190529
3.288026 -1.190656
3.288249 -1.183690
3.288473 -1.181231
3.288696 -1.180366
3.288920 -1.183309
3.289143 -1.185997
3.289366 -1.197876
3.289589 -1.208712
3.289812 -1.224255
3.290035 -1.243570
3.290257 -1.249840
3.290480 -1.249187
3.290702 -1.251770
3.290925 -1.247342
3.291147 -1.236807
3.291369 -1.231602
3.291591 -1.219612
3.291813 -1.212953
3.292034 -1.210970
3.292256 -1.205698
3.292478 -1.189305
3.292699 -1.181185
3.292920 -1.179566
3.293141 -1.178239
3.293363 -1.187393
3.293584 -1.190390
3.293804 -1.186266
3.294025 -1.181487
3.294246 -1.174925
3.294466 -1.163973
3.294687 -1.155562
3.294907 -1.156830
3.295127 -1.159837
3.295347 -1.151615
3.295567 -1.139625
3.295787 -1.133699
3.296007 -1.127580
3.296226 -1.124383
3.296446 -1.121925
3.296665 -1.116471
3.296884 -1.109288
3.297104 -1.092012
3.297323 -1.093814
3.297542 -1.091135
3.297761 -1.077384
3.297979 -1.068032
3.298198 -1.068116
3.298416 -1.071538
3.298635 -1.075349
3.298853 -1.072874
3.299071 -1.074449
3.299289 -1.080704
3.299507 -1.085945
3.299725 -1.087082
3.299943 -1.093411
3.300161 -1.096413
3.300378 -1.095793
3.300595 -1.105048
3.300813 -1.111440
3.301030 -1.104942
3.301247 -1.104272
3.301464 -1.104712
3.301681 -1.097964
3.301898 -1.092531
3.302114 -1.098902
3.302331 -1.109230
3.302547 -1.116581
3.302764 -1.124684
3.302980 -1.131677
3.303196 -1.136239
3.303412 -1.141114
3.303628 -1.149837
3.303844 -1.147246
3.304059 -1.146989
3.304275 -1.160214
3.304491 -1.169231
3.304706 -1.178918
3.304921 -1.177653
3.305136 -1.173753
3.305351 -1.178814
3.305566 -1.179391
3.305781 -1.185421
3.305996 -1.185002
3.306211 -1.176570
3.306425 -1.171880
3.306639 -1.172429
3.306854 -1.172378
3.307068 -1.167682
3.307282 -1.169283
3.307496 -1.165067
3.307710 -1.156222
3.307924 -1.158103
3.308137 -1.166502
3.308351 -1.169142
3.308564 -1.156140
3.308778 -1.152876
3.308991 -1.158478
3.309204 -1.171876
3.309417 -1.181272
3.309630 -1.195562
3.309843 -1.190017
3.310056 -1.195202
3.310268 -1.192172
3.310481 -1.193384
3.310693 -1.193278
3.310906 -1.192071
3.311118 -1.192457
3.311330 -1.198191
3.311542 -1.196983
3.311754 -1.194928
3.311966 -1.196643
3.312177 -1.194426
3.312389 -1.191122
3.312600 -1.191881
3.312812 -1.199821
3.313023 -1.200488
3.313234 -1.207972
3.313445 -1.213301
3.313656 -1.215103
3.313867 -1.214280
3.314078 -1.210741
3.314289 -1.211701
3.314499 -1.211487
3.314710 -1.212743
3.314920 -1.209189
3.315130 -1.205784
3.315340 -1.197799
3.315551 -1.191995
3.315760 -1.186161
3.315970 -1.178365
3.316180 -1.171647
3.316390 -1.174524
3.316599 -1.176446
3.316809 -1.178617
3.317018 -1.175759
3.317227 -1.164918
3.317436 -1.159389
3.317646 -1.155490
3.317854 -1.155135
3.318063 -1.159230
3.318272 -1.153106
3.318481 -1.150352
3.318689 -1.145492
3.318898 -1.144807
3.319106 -1.141340
3.319314 -1.137214
3.319522 -1.139134
3.319730 -1.139267
3.319938 -1.137575
3.320146 -1.136465
3.320354 -1.132753
3.320562 -1.129835
3.320769 -1.131975
3.320977 -1.128808
3.321184 -1.126742
3.321391 -1.127480
3.321598 -1.129020
3.321805 -1.131102
3.322012 -1.128037
3.322219 -1.132192
3.322426 -1.129247
3.322633 -1.128238
3.322839 -1.119811
3.323046 -1.114672
3.323252 -1.111423
3.323458 -1.111246
3.323665 -1.110853
3.323871 -1.107263
3.324077 -1.107811
3.324282 -1.107266
3.324488 -1.108538
3.324694 -1.107382
3.324899 -1.105415
3.325105 -1.097697
3.325310 -1.095197
3.325516 -1.109095
3.325721 -1.110752
3.325926 -1.119701
3.326131 -1.130147
3.326336 -1.140151
3.326541 -1.147493
3.326745 -1.146676
3.326950 -1.142775
3.327155 -1.144465
3.327359 -1.139509
3.327563 -1.137870
3.327767 -1.138333
3.327972 -1.133201
3.328176 -1.132041
3.328380 -1.131425
3.328583 -1.129798
3.328787 -1.133769
3.328991 -1.136058
3.329194 -1.135249
3.329398 -1.133717
3.329601 -1.136250
3.329805 -1.140858
3.330008 -1.137459
3.330211 -1.140173
3.330414 -1.146911
3.330617 -1.156418
3.330819 -1.158462
3.331022 -1.175272
3.331225 -1.184271
3.331427 -1.199237
3.331630 -1.206139
3.331832 -1.212673
3.332034 -1.212279
3.332236 -1.213210
3.332438 -1.209271
3.332640 -1.209091
3.332842 -1.219059
3.333044 -1.226799
3.333246 -1.224474
3.333447 -1.218125
3.333649 -1.216173
3.333850 -1.215005
3.334051 -1.210646
3.334253 -1.210007
3.334454 -1.208889
3.334655 -1.207036
3.334856 -1.197210
3.335057 -1.193814
3.335257 -1.189799
3.335458 -1.187689
3.335658 -1.180995
3.335859 -1.185368
3.336059 -1.179156
3.336260 -1.173206
3.336460 -1.171379
3.336660 -1.170296
3.336860 -1.170300
3.337060 -1.167007
3.337260 -1.157317
3.337459 -1.151041
3.337659 -1.150747
3.337858 -1.148587
3.338058 -1.141649
3.338257 -1.145564
3.338456 -1.145749
3.338656 -1.142418
3.338855 -1.141460
3.339054 -1.146257
3.339253 -1.143600
3.339451 -1.141648
3.339650 -1.135934
3.339849 -1.129736
3.340047 -1.126461
3.340246 -1.126188
3.340444 -1.127001
3.340642 -1.120721
3.340841 -1.129960
3.341039 -1.135361
3.341237 -1.132699
3.341435 -1.131404
3.341632 -1.127942
3.341830 -1.133311
3.342028 -1.137379
3.342225 -1.140622
3.342423 -1.135430
3.342620 -1.136104
3.342817 -1.137205
3.343014 -1.139655
3.343212 -1.143761
3.343409 -1.147677
3.343606 -1.154327
3.343802 -1.153039
3.343999 -1.154072
3.344196 -1.155496
3.344392 -1.157529
3.344589 -1.155757
3.344785 -1.152680
3.344981 -1.151100
3.345178 -1.149384
3.345374 -1.148384
3.345570 -1.152478
3.345766 -1.155473
3.345962 -1.156807
3.346157 -1.161288
3.346353 -1.162462
3.346549 -1.166343
3.346744 -1.154004
3.346939 -1.159638
3.347135 -1.163381
3.347330 -1.170312
3.347525 -1.172668
3.347720 -1.185494
3.347915 -1.189959
3.348110 -1.190736
3.348305 -1.190985
3.348500 -1.189419
3.348694 -1.189013
3.348889 -1.188194
3.349083 -1.185195
3.349278 -1.181534
3.349472 -1.175887
3.349666 -1.175892
3.349860 -1.174108
3.350054 -1.171232
3.350248 -1.166878
3.350442 -1.166516
3.350636 -1.168872
3.350829 -1.165035
3.351023 -1.166243
3.351216 -1.168180
3.351410 -1.175458
3.351603 -1.184077
3.351796 -1.188378
3.351989 -1.185386
3.352183 -1.186528
3.352375 -1.192559
3.352568 -1.201673
3.352761 -1.202953
3.352954 -1.200059
3.353147 -1.194382
3.353339 -1.190650
3.353532 -1.188690
3.353724 -1.188002
3.353916 -1.186842
3.354108 -1.191692
3.354301 -1.193492
3.354493 -1.199485
3.354685 -1.203907
3.354876 -1.204723
3.355068 -1.202156
3.355260 -1.201975
3.355452 -1.193108
3.355643 -1.193573
3.355834 -1.190226
3.356026 -1.188479
3.356217 -1.183907
3.356408 -1.179466
3.356599 -1.177031
3.356790 -1.167721
3.356981 -1.174154
3.357172 -1.182711
3.357363 -1.184799
3.357554 -1.174672
3.357744 -1.173849
3.357935 -1.177059
3.358125 -1.182388
3.358316 -1.181309
3.358506 -1.181477
3.358696 -1.181994
3.358886 -1.182333
3.359076 -1.188965
3.359266 -1.195267
3.359456 -1.199783
3.359646 -1.196126
3.359835 -1.191047
3.360025 -1.191888
3.360215 -1.190878
3.360404 -1.191697
3.360593 -1.199046
3.360783 -1.211005
3.360972 -1.218763
3.361161 -1.222652
3.361350 -1.216874
3.361539 -1.215753
3.361728 -1.221819
3.361917 -1.220189
3.362105 -1.215706
3.362294 -1.210017
3.362482 -1.206042
3.362671 -1.212991
3.362859 -1.213980
3.363048 -1.209894
3.363236 -1.208071
3.363424 -1.213945
3.363612 -1.215090
3.363800 -1.212482
3.363988 -1.205257
3.364176 -1.199752
3.364363 -1.199372
3.364551 -1.197743
3.364739 -1.191985
3.364926 -1.183599
3.365113 -1.183765
3.365301 -1.186372
3.365488 -1.183620
3.365675 -1.183628
3.365862 -1.189510
3.366049 -1.190302
3.366236 -1.188331
3.366423 -1.181838
3.366610 -1.173880
3.366796 -1.179725
3.366983 -1.181650
3.367169 -1.183132
3.367356 -1.178341
3.367542 -1.176722
3.367729 -1.171255
3.367915 -1.174391
3.368101 -1.166094
3.368287 -1.157840
3.368473 -1.154872
3.368659 -1.151152
3.368845 -1.154572
3.369030 -1.159207
3.369216 -1.167179
3.369401 -1.176616
3.369587 -1.171305
3.369772 -1.171693
3.369958 -1.175755
3.370143 -1.176469
3.370328 -1.173908
3.370513 -1.172211
3.370698 -1.171044
3.370883 -1.168963
3.371068 -1.172916
3.371253 -1.179122
3.371437 -1.175652
3.371622 -1.176061
3.371806 -1.183374
3.371991 -1.184621
3.372175 -1.180054
3.372360 -1.181751
3.372544 -1.181130
3.372728 -1.187570
3.372912 -1.198342
3.373096 -1.199732
3.373280 -1.206331
3.373464 -1.202728
3.373647 -1.201333
3.373831 -1.200961
3.374015 -1.198299
3.374198 -1.201159
3.374382 -1.203037
3.374565 -1.203443
3.374748 -1.208171
3.374932 -1.214492
3.375115 -1.219496
3.375298 -1.221896
3.375481 -1.222162
3.375664 -1.220469
3.375846 -1.227385
3.376029 -1.231002
3.376212 -1.222628
3.376394 -1.224274
3.376577 -1.230174
3.376759 -1.233448
3.376942 -1.233939
3.377124 -1.224632
3.377306 -1.224141
3.377488 -1.227870
3.377670 -1.228075
3.377852 -1.230396
3.378034 -1.228320
3.378216 -1.225094
3.378398 -1.231889
3.378580 -1.235143
3.378761 -1.233542
3.378943 -1.229391
3.379124 -1.225691
3.379306 -1.228295
3.379487 -1.219260
3.379668 -1.215070
3.379849 -1.223031
3.380030 -1.228580
3.380211 -1.229654
3.380392 -1.233154
3.380573 -1.235401
3.380754 -1.238143
3.380934 -1.230966
3.381115 -1.224126
3.381296 -1.219926
3.381476 -1.218759
3.381656 -1.221952
3.381837 -1.216308
3.382017 -1.214616
3.382197 -1.218197
3.382377 -1.215341
3.382557 -1.219986
3.382737 -1.217589
3.382917 -1.217367
3.383097 -1.215790
3.383277 -1.216756
3.383456 -1.218448
3.383636 -1.214809
3.383815 -1.213787
3.383995 -1.208229
3.384174 -1.199437
3.384353 -1.196960
3.384533 -1.195110
3.384712 -1.186953
3.384891 -1.180772
3.385070 -1.174305
3.385249 -1.169684
3.385428 -1.167762
3.385606 -1.170441
3.385785 -1.175003
3.385964 -1.179527
3.386142 -1.185756
3.386321 -1.185658
3.386499 -1.183331
3.386677 -1.185274
3.386856 -1.186546
3.387034 -1.188440
3.387212 -1.178999
3.387390 -1.176809
3.387568 -1.187565
3.387746 -1.189772
3.387923 -1.190036
3.388101 -1.191139
3.388279 -1.198052
3.388456 -1.203483
3.388634 -1.207861
3.388811 -1.207068
3.388989 -1.201758
3.389166 -1.207731
3.389343 -1.212440
3.389520 -1.209393
3.389698 -1.201352
3.389875 -1.191399
3.390051 -1.188120
3.390228 -1.187977
3.390405 -1.186014
3.390582 -1.180576
3.390759 -1.181996
3.390935 -1.181172
3.391112 -1.171170
3.391288 -1.166219
3.391464 -1.167560
3.391641 -1.172180
3.391817 -1.174973
3.391993 -1.176702
3.392169 -1.174362
3.392345 -1.178037
3.392521 -1.180109
3.392697 -1.185509
3.392873 -1.191879
3.393048 -1.196250
3.393224 -1.195652
3.393400 -1.204065
3.393575 -1.208296
3.393751 -1.209066
3.393926 -1.219531
3.394101 -1.219956
3.394277 -1.212201
3.394452 -1.214496
3.394627 -1.225683
3.394802 -1.235459
3.394977 -1.241950
3.395152 -1.246571
3.395326 -1.247756
3.395501 -1.246045
3.395676 -1.245450
3.395850 -1.243127
3.396025 -1.236474
3.396199 -1.229366
3.396374 -1.233269
3.396548 -1.236156
3.396722 -1.242020
3.396896 -1.250197
3.397071 -1.256080
3.397245 -1.262758
3.397419 -1.269897
3.397592 -1.271886
3.397766 -1.271782
3.397940 -1.266705
3.398114 -1.268558
3.398287 -1.273409
3.398461 -1.269651
3.398634 -1.266228
3.398808 -1.267106
3.398981 -1.268599
3.399154 -1.264403
3.399328 -1.268484
3.399501 -1.270339
3.399674 -1.272724
3.399847 -1.281826
3.400020 -1.287263
3.400192 -1.283515
3.400365 -1.278012
3.400538 -1.277479
3.400711 -1.276525
3.400883 -1.278461
3.401056 -1.278186
3.401228 -1.274384
3.401401 -1.273988
3.401573 -1.272292
3.401745 -1.265204
3.401917 -1.257712
3.402089 -1.250978
3.402261 -1.255997
3.402433 -1.255481
3.402605 -1.253248
3.402777 -1.253901
3.402949 -1.252375
3.403121 -1.253976
3.403292 -1.252974
3.403464 -1.253925
3.403635 -1.250312
3.403807 -1.252036
3.403978 -1.248166
3.404149 -1.247806
3.404320 -1.244352
3.404492 -1.243953
3.404663 -1.242796
3.404834 -1.246369
3.405005 -1.243293
3.405176 -1.249796
3.405346 -1.254237
3.405517 -1.253443
3.405688 -1.251477
3.405858 -1.244629
3.406029 -1.245156
3.406199 -1.247813
3.406370 -1.253840
3.406540 -1.248785
3.406710 -1.245510
3.406881 -1.237891
3.407051 -1.226248
3.407221 -1.219135
3.407391 -1.209548
3.407561 -1.201064
3.407731 -1.195054
3.407901 -1.191597
3.408070 -1.191634
3.408240 -1.191624
3.408410 -1.194529
3.408579 -1.196650
3.408749 -1.194981
3.408918 -1.184322
3.409087 -1.181604
3.409257 -1.183062
3.409426 -1.180953
3.409595 -1.180175
3.409764 -1.186575
3.409933 -1.190702
3.410102 -1.193726
3.410271 -1.195038
3.410440 -1.203255
3.410609 -1.205707
3.410777 -1.202492
3.410946 -1.203485
3.411114 -1.205179
3.411283 -1.204804
3.411451 -1.211584
3.411620 -1.213919
3.411788 -1.212584
3.411956 -1.214615
3.412124 -1.220542
3.412293 -1.225497
3.412461 -1.226295
3.412629 -1.219701
3.412796 -1.215574
3.412964 -1.209080
3.413132 -1.202993
3.413300 -1.201659
3.413467 -1.199909
3.413635 -1.198784
3.413803 -1.196529
3.413970 -1.192726
3.414137 -1.191353
3.414305 -1.189092
3.414472 -1.189117
3.414639 -1.188459
3.414806 -1.191437
3.414973 -1.199410
3.415140 -1.206274
3.415307 -1.206872
3.415474 -1.210307
3.415641 -1.216606
3.415808 -1.222493
3.415974 -1.220145
3.416141 -1.212363
3.416308 -1.210330
3.416474 -1.216255
3.416641 -1.215060
3.416807 -1.217519
3.416973 -1.216210
3.417139 -1.214766
3.417306 -1.214195
3.417472 -1.216692
3.417638 -1.219171
3.417804 -1.223625
3.417970 -1.225820
3.418135 -1.230161
3.418301 -1.240060
3.418467 -1.236747
3.418633 -1.245645
3.418798 -1.247611
3.418964 -1.248235
3.419129 -1.239978
3.419295 -1.233402
3.419460 -1.227881
3.419625 -1.229560
3.419791 -1.232470
3.419956 -1.234745
3.420121 -1.235498
3.420286 -1.237504
3.420451 -1.237021
3.420616 -1.238588
3.420781 -1.238830
3.420945 -1.241369
3.421110 -1.246408
3.421275 -1.251819
3.421439 -1.253087
3.421604 -1.256954
3.421768 -1.254653
3.421933 -1.251309
3.422097 -1.247944
3.422261 -1.247868
3.422426 -1.251394
3.422590 -1.249099
3.422754 -1.246509
3.422918 -1.248180
3.423082 -1.255045
3.423246 -1.259214
3.423410 -1.261930
3.423574 -1.259543
3.423737 -1.254357
3.423901 -1.259272
3.424065 -1.261700
3.424228 -1.266924
3.424392 -1.276498
3.424555 -1.277923
3.424718 -1.283072
3.424882 -1.291195
3.425045 -1.297352
3.425208 -1.301069
3.425371 -1.309076
3.425534 -1.307693
3.425697 -1.310266
3.425860 -1.308592
3.426023 -1.307337
3.426186 -1.307173
3.426349 -1.301966
3.426511 -1.298171
3.426674 -1.297740
3.426836 -1.290983
3.426999 -1.290674
3.427161 -1.284695
3.427324 -1.277290
3.427486 -1.275042
3.427648 -1.279255
3.427811 -1.279475
3.427973 -1.277488
3.428135 -1.275568
3.428297 -1.280569
3.428459 -1.282481
3.428621 -1.286730
3.428783 -1.282120
3.428944 -1.270827
3.429106 -1.259238
3.429268 -1.256831
3.429429 -1.249718
3.429591 -1.250820
3.429752 -1.244952
3.429914 -1.235421
3.430075 -1.226220
3.430236 -1.227532
3.430398 -1.228391
3.430559 -1.229551
3.430720 -1.231275
3.430881 -1.233623
3.431042 -1.230651
3.431203 -1.230811
3.431364 -1.237057
3.431525 -1.241626
3.431685 -1.246032
3.431846 -1.244577
3.432007 -1.245188
3.432167 -1.245325
3.432328 -1.245494
3.432488 -1.246034
3.432649 -1.244713
3.432809 -1.249873
3.432969 -1.246803
3.433130 -1.244518
3.433290 -1.248070
3.433450 -1.254971
3.433610 -1.253838
3.433770 -1.249980
3.433930 -1.248863
3.434090 -1.246076
3.434249 -1.242214
3.434409 -1.239667
3.434569 -1.241487
3.434729 -1.241098
3.434888 -1.238579
3.435048 -1.241522
3.435207 -1.241686
3.435367 -1.242925
3.435526 -1.248397
3.435685 -1.251732
3.435844 -1.257733
3.436004 -1.258749
3.436163 -1.260250
3.436322 -1.260595
3.436481 -1.258820
3.436640 -1.258218
3.436799 -1.254944
3.436957 -1.256365
3.437116 -1.258415
3.437275 -1.265758
3.437433 -1.270773
3.437592 -1.274775
3.437751 -1.282305
3.437909 -1.285463
3.438067 -1.291139
3.438226 -1.296437
3.438384 -1.297046
3.438542 -1.296790
3.438701 -1.298686
3.438859 -1.299919
3.439017 -1.299741
3.439175 -1.296875
3.439333 -1.291676
3.439491 -1.289693
3.439648 -1.284927
3.439806 -1.278468
3.439964 -1.279680
3.440122 -1.273849
3.440279 -1.270326
3.440437 -1.274642
3.440594 -1.275143
3.440752 -1.270585
3.440909 -1.268846
3.441066 -1.265770
3.441224 -1.263913
3.441381 -1.260700
3.441538 -1.261283
3.441695 -1.260600
3.441852 -1.270515
3.442009 -1.273636
3.442166 -1.269595
3.442323 -1.263006
3.442480 -1.266318
3.442637 -1.265071
3.442793 -1.262189
3.442950 -1.263437
3.443106 -1.259030
3.443263 -1.251208
3.443419 -1.248438
3.443576 -1.253466
3.443732 -1.249545
3.443889 -1.249710
3.444045 -1.249534
3.444201 -1.242400
3.444357 -1.241562
3.444513 -1.245231
3.444669 -1.249022
3.444825 -1.253399
3.444981 -1.250482
3.445137 -1.249695
3.445293 -1.250007
3.445449 -1.248793
3.445604 -1.245502
3.445760 -1.246814
3.445915 -1.250654
3.446071 -1.258781
3.446226 -1.263786
3.446382 -1.269377
3.446537 -1.267312
3.446692 -1.273484
3.446848 -1.270360
3.447003 -1.271689
3.447158 -1.273963
3.447313 -1.268578
3.447468 -1.265732
3.447623 -1.271086
3.447778 -1.263174
3.447933 -1.264825
3.448088 -1.272246
3.448242 -1.281918
3.448397 -1.289080
3.448552 -1.292103
3.448706 -1.287559
3.448861 -1.287713
3.449015 -1.290402
3.449170 -1.289103
3.449324 -1.291659
3.449478 -1.290987
3.449633 -1.290322
3.449787 -1.293267
3.449941 -1.296586
3.450095 -1.298360
3.450249 -1.294654
3.450403 -1.296223
3.450557 -1.298495
3.450711 -1.297939
3.450865 -1.302257
3.451018 -1.307629
3.451172 -1.320514
3.451326 -1.324689
3.451479 -1.324514
3.451633 -1.330126
3.451786 -1.336456
3.451940 -1.339133
3.452093 -1.341473
3.452247 -1.340182
3.452400 -1.341400
3.452553 -1.342721
3.452706 -1.340080
3.452859 -1.338053
3.453012 -1.331957
3.453165 -1.327799
3.453318 -1.318769
3.453471 -1.317784
3.453624 -1.314664
3.453777 -1.309289
3.453930 -1.305127
3.454082 -1.303242
3.454235 -1.302975
3.454387 -1.302866
3.454540 -1.300394
3.454692 -1.298701
3.454845 -1.296746
3.454997 -1.291778
3.455150 -1.293170
3.455302 -1.293108
3.455454 -1.294748
3.455606 -1.298301
3.455758 -1.297493
3.455910 -1.291970
3.456062 -1.293468
3.456214 -1.291533
3.456366 -1.302377
3.456518 -1.300582
3.456670 -1.296391
3.456821 -1.294482
3.456973 -1.297126
3.457125 -1.300187
3.457276 -1.304494
3.457428 -1.308306
3.457579 -1.314769
3.457731 -1.323492
3.457882 -1.321557
3.458033 -1.315128
3.458184 -1.311335
3.458336 -1.309462
3.458487 -1.314368
3.458638 -1.311496
3.458789 -1.305492
3.458940 -1.303811
3.459091 -1.309962
3.459242 -1.312132
3.459392 -1.312578
3.459543 -1.312019
3.459694 -1.311017
3.459845 -1.310983
3.459995 -1.313176
3.460146 -1.319326
3.460296 -1.327470
3.460447 -1.333121
3.460597 -1.332212
3.460748 -1.336170
3.460898 -1.341172
3.461048 -1.347355
3.461198 -1.340109
3.461348 -1.339049
3.461499 -1.334941
3.461649 -1.332626
3.461799 -1.323949
3.461948 -1.313800
3.462098 -1.303302
3.462248 -1.296671
3.462398 -1.288271
3.462548 -1.276233
3.462697 -1.271368
3.462847 -1.271788
3.462997 -1.270180
3.463146 -1.269873
3.463296 -1.270777
3.463445 -1.261731
3.463594 -1.260033
3.463744 -1.259167
3.463893 -1.260378
3.464042 -1.261614
3.464191 -1.265029
3.464340 -1.266005
3.464490 -1.263671
3.464639 -1.263553
3.464788 -1.268689
3.464936 -1.269397
3.465085 -1.267882
3.465234 -1.271986
3.465383 -1.281001
3.465532 -1.286391
3.465680 -1.288611
3.465829 -1.296198
3.465977 -1.304957
3.466126 -1.314840
3.466274 -1.321570
3.466423 -1.327586
3.466571 -1.325410
3.466719 -1.322765
3.466868 -1.323135
3.467016 -1.319528
3.467164 -1.316591
3.467312 -1.305000
3.467460 -1.302852
3.467608 -1.303986
3.467756 -1.304862
3.467904 -1.303311
3.468052 -1.299804
3.468200 -1.297808
3.468347 -1.297753
3.468495 -1.293615
3.468643 -1.294228
3.468790 -1.293131
3.468938 -1.287081
3.469085 -1.280083
3.469233 -1.278517
3.469380 -1.278860
3.469527 -1.282124
3.469675 -1.282092
3.469822 -1.286170
3.469969 -1.286496
3.470116 -1.288467
3.470263 -1.290602
3.470410 -1.284657
3.470557 -1.283863
3.470704 -1.280597
3.470851 -1.281818
3.470998 -1.280797
3.471145 -1.278707
3.471292 -1.275464
3.471438 -1.277037
3.471585 -1.279250
3.471732 -1.279067
3.471878 -1.281333
3.472025 -1.282502
3.472171 -1.281296
3.472318 -1.280980
3.472464 -1.280643
3.472610 -1.281402
3.472756 -1.285276
3.472903 -1.283303
3.473049 -1.271684
3.473195 -1.260323
3.473341 -1.254962
3.473487 -1.256103
3.473633 -1.254797
3.473779 -1.250871
3.473925 -1.241943
3.474071 -1.234062
3.474216 -1.226808
3.474362 -1.226086
3.474508 -1.233530
3.474653 -1.235142
3.474799 -1.233850
3.474944 -1.226314
3.475090 -1.222947
3.475235 -1.226356
3.475381 -1.225264
3.475526 -1.225456
3.475671 -1.222438
3.475816 -1.219911
3.475962 -1.221940
3.476107 -1.226635
3.476252 -1.226150
3.476397 -1.225128
3.476542 -1.230127
3.476687 -1.236701
3.476832 -1.242308
3.476976 -1.253381
3.477121 -1.254352
3.477266 -1.256133
3.477411 -1.257987
3.477555 -1.259008
3.477700 -1.259585
3.477844 -1.255899
3.477989 -1.256016
3.478133 -1.254933
3.478278 -1.251511
3.478422 -1.253711
3.478566 -1.255124
3.478711 -1.251991
3.478855 -1.254450
3.478999 -1.259932
3.479143 -1.264656
3.479287 -1.269712
3.479431 -1.270515
3.479575 -1.274475
3.479719 -1.278101
3.479863 -1.279028
3.480007 -1.285808
3.480151 -1.286141
3.480294 -1.291763
3.480438 -1.295936
3.480582 -1.300594
3.480725 -1.304048
3.480869 -1.296553
3.481012 -1.302151
3.481156 -1.302850
3.481299 -1.302687
3.481443 -1.297737
3.481586 -1.296148
3.481729 -1.297013
3.481872 -1.301738
3.482016 -1.304911
3.482159 -1.303689
3.482302 -1.303203
3.482445 -1.304341
3.482588 -1.308465
3.482731 -1.309818
3.482874 -1.317362
3.483016 -1.325131
3.483159 -1.329289
3.483302 -1.332507
3.483445 -1.330536
3.483587 -1.331901
3.483730 -1.327015
3.483872 -1.324606
3.484015 -1.324156
3.484157 -1.328352
3.484300 -1.334008
3.484442 -1.339529
3.484585 -1.336255
3.484727 -1.339092
3.484869 -1.345257
3.485011 -1.349107
3.485153 -1.358155
3.485295 -1.365238
3.485437 -1.372850
3.485579 -1.382092
3.485721 -1.390522
3.485863 -1.396811
3.486005 -1.402391
3.486147 -1.409203
3.486289 -1.405136
3.486430 -1.405410
3.486572 -1.411888
3.486714 -1.416857
3.486855 -1.412334
3.486997 -1.412060
3.487138 -1.410484
3.487280 -1.407451
3.487421 -1.407346
3.487563 -1.403096
3.487704 -1.398742
3.487845 -1.394557
3.487986 -1.395555
3.488127 -1.393063
3.488269 -1.391928
3.488410 -1.393623
3.488551 -1.389788
3.488692 -1.387336
3.488833 -1.377168
3.488974 -1.366531
3.489114 -1.357925
3.489255 -1.357574
3.489396 -1.355559
3.489537 -1.356692
3.489677 -1.352086
3.489818 -1.347680
3.489958 -1.350476
3.490099 -1.354121
3.490239 -1.355671
3.490380 -1.358771
3.490520 -1.360139
3.490661 -1.364026
3.490801 -1.367941
3.490941 -1.367355
3.491081 -1.369583
3.491222 -1.376766
3.491362 -1.382637
3.491502 -1.389801
3.491642 -1.394135
3.491782 -1.401735
3.491922 -1.399200
3.492062 -1.401825
3.492201 -1.398492
3.492341 -1.396782
3.492481 -1.391679
3.492621 -1.390300
3.492760 -1.385594
3.492900 -1.375644
3.493040 -1.358969
3.493179 -1.351506
3.493319 -1.345321
3.493458 -1.348943
3.493597 -1.338106
3.493737 -1.334285
3.493876 -1.331941
3.494015 -1.327855
3.494155 -1.321754
3.494294 -1.319523
3.494433 -1.313144
3.494572 -1.309450
3.494711 -1.304308
3.494850 -1.291921
3.494989 -1.293876
3.495128 -1.292995
3.495267 -1.294226
3.495406 -1.294135
3.495544 -1.295931
3.495683 -1.295352
3.495822 -1.297444
3.495960 -1.301218
3.496099 -1.296771
3.496238 -1.302596
3.496376 -1.301075
3.496515 -1.302481
3.496653 -1.311550
3.496791 -1.322643
3.496930 -1.319515
3.497068 -1.315917
3.497206 -1.321017
3.497344 -1.325478
3.497483 -1.328874
3.497621 -1.335234
3.497759 -1.339463
3.497897 -1.344725
3.498035 -1.348806
3.498173 -1.346611
3.498311 -1.347495
3.498448 -1.348814
3.498586 -1.343643
3.498724 -1.339108
3.498862 -1.331693
3.498999 -1.326728
3.499137 -1.326711
3.499275 -1.322867
3.499412 -1.322581
3.499550 -1.324942
3.499687 -1.320800
3.499824 -1.324516
3.499962 -1.331117
3.500099 -1.331858
3.500236 -1.333496
3.500374 -1.337318
3.500511 -1.349745
3.500648 -1.347258
3.500785 -1.351317
3.500922 -1.350503
3.501059 -1.350802
3.501196 -1.343958
3.501333 -1.343012
3.501470 -1.346725
3.501607 -1.354605
3.501744 -1.351142
3.501880 -1.351040
3.502017 -1.353059
3.502154 -1.357279
3.502291 -1.360180
3.502427 -1.366342
3.502564 -1.370503
3.502700 -1.371629
3.502837 -1.368417
3.502973 -1.363964
3.503109 -1.364904
3.503246 -1.362504
3.503382 -1.358555
3.503518 -1.351873
3.503655 -1.342296
3.503791 -1.343506
3.503927 -1.339922
3.504063 -1.340171
3.504199 -1.335831
3.504335 -1.335185
3.504471 -1.340856
3.504607 -1.340941
3.504743 -1.344485
3.504878 -1.348051
3.505014 -1.348281
3.505150 -1.351186
3.505286 -1.350628
3.505421 -1.350590
3.505557 -1.349523
3.505693 -1.348744
3.505828 -1.348348
3.505964 -1.346519
3.506099 -1.340839
3.506234 -1.332004
3.506370 -1.326367
3.506505 -1.328873
3.506640 -1.329169
3.506776 -1.330570
3.506911 -1.336703
3.507046 -1.345152
3.507181 -1.342954
3.507316 -1.344257
3.507451 -1.349277
3.507586 -1.349514
3.507721 -1.351989
3.507856 -1.348978
3.507991 -1.342131
3.508126 -1.338203
3.508260 -1.334851
3.508395 -1.335189
3.508530 -1.332220
3.508664 -1.318839
3.508799 -1.322245
3.508934 -1.326832
3.509068 -1.331343
3.509203 -1.334348
3.509337 -1.329218
3.509471 -1.319486
3.509606 -1.314865
3.509740 -1.303831
3.509874 -1.296139
3.510009 -1.283012
3.510143 -1.273859
3.510277 -1.266827
3.510411 -1.261728
3.510545 -1.257362
3.510679 -1.257734
3.510813 -1.250250
3.510947 -1.253587
3.511081 -1.253722
3.511215 -1.260244
3.511349 -1.264278
3.511482 -1.266386
3.511616 -1.271523
3.511750 -1.273883
3.511883 -1.288936
3.512017 -1.301820
3.512151 -1.305185
3.512284 -1.309085
3.512418 -1.317500
3.512551 -1.328298
3.512684 -1.332818
3.512818 -1.339790
3.512951 -1.340906
3.513084 -1.342041
3.513218 -1.342141
3.513351 -1.339332
3.513484 -1.337814
3.513617 -1.340919
3.513750 -1.342752
3.513883 -1.343439
3.514016 -1.344529
3.514149 -1.346485
3.514282 -1.355827
3.514415 -1.363212
3.514548 -1.366971
3.514681 -1.371697
3.514813 -1.375710
3.514946 -1.379128
3.515079 -1.388387
3.515211 -1.401549
3.515344 -1.411219
3.515476 -1.418476
3.515609 -1.420759
3.515741 -1.420475
3.515874 -1.423650
3.516006 -1.418926
3.516139 -1.421859
3.516271 -1.421550
3.516403 -1.420688
3.516535 -1.418679
3.516668 -1.422855
3.516800 -1.425489
3.516932 -1.435837
3.517064 -1.435331
3.517196 -1.432575
3.517328 -1.426927
3.517460 -1.431748
3.517592 -1.421741
3.517724 -1.423657
3.517855 -1.433890
3.517987 -1.438713
3.518119 -1.440600
3.518251 -1.441679
3.518382 -1.442172
3.518514 -1.439536
3.518646 -1.437498
3.518777 -1.431604
3.518909 -1.429022
3.519040 -1.430097
3.519171 -1.432232
3.519303 -1.430448
3.519434 -1.431302
3.519566 -1.432738
3.519697 -1.431211
3.519828 -1.427712
3.519959 -1.424194
3.520090 -1.421155
3.520221 -1.415416
3.520353 -1.409015
3.520484 -1.408517
3.520615 -1.400659
3.520745 -1.400153
3.520876 -1.396285
3.521007 -1.392412
3.521138 -1.386521
3.521269 -1.382446
3.521400 -1.373777
3.521530 -1.362908
3.521661 -1.356222
3.521792 -1.350071
3.521922 -1.343332
3.522053 -1.338614
3.522183 -1.338277
3.522314 -1.329498
3.522444 -1.320826
3.522575 -1.312378
3.522705 -1.312094
3.522835 -1.300346
3.522966 -1.296920
3.523096 -1.291768
3.523226 -1.284730
3.523356 -1.279259
3.523486 -1.275215
3.523616 -1.272370
3.523746 -1.273180
3.523876 -1.279358
3.524006 -1.280716
3.524136 -1.284977
3.524266 -1.289816
3.524396 -1.293708
3.524526 -1.295375
3.524656 -1.295638
3.524785 -1.299036
3.524915 -1.304235
3.525045 -1.296852
3.525174 -1.296649
3.525304 -1.295228
3.525434 -1.295202
3.525563 -1.293111
3.525693 -1.285013
3.525822 -1.283407
3.525951 -1.283821
3.526081 -1.280260
3.526210 -1.276907
3.526339 -1.270081
3.526469 -1.265194
3.526598 -1.259676
3.526727 -1.259032
3.526856 -1.257095
3.526985 -1.249284
3.527114 -1.247402
3.527243 -1.246559
3.527372 -1.249079
3.527501 -1.253166
3.527630 -1.261341
3.527759 -1.268905
3.527888 -1.266944
3.528016 -1.269809
3.528145 -1.276969
3.528274 -1.279379
3.528402 -1.287481
3.528531 -1.290593
3.528660 -1.292073
3.528788 -1.293033
3.528917 -1.303270
3.529045 -1.310902
3.529174 -1.321365
3.529302 -1.325168
3.529430 -1.324774
3.529559 -1.325750
3.529687 -1.327378
3.529815 -1.327674
3.529943 -1.330619
3.530072 -1.333370
3.530200 -1.336897
3.530328 -1.334014
3.530456 -1.329820
3.530584 -1.332242
3.530712 -1.335126
3.530840 -1.340588
3.530968 -1.342828
3.531096 -1.336480
3.531223 -1.332697
3.531351 -1.334194
3.531479 -1.333715
3.531607 -1.334318
3.531734 -1.333011
3.531862 -1.329390
3.531990 -1.330324
3.532117 -1.328686
3.532245 -1.330113
3.532372 -1.327475
3.532500 -1.324787
3.532627 -1.324435
3.532754 -1.326626
3.532882 -1.323841
3.533009 -1.330807
3.533136 -1.330954
3.533264 -1.340110
3.533391 -1.338421
3.533518 -1.339151
3.533645 -1.334545
3.533772 -1.330469
3.533899 -1.330471
3.534026 -1.332971
3.534153 -1.346801
3.534280 -1.353631
3.534407 -1.354859
3.534534 -1.357165
3.534661 -1.369243
3.534787 -1.376872
3.534914 -1.381637
3.535041 -1.389206
3.535167 -1.393318
3.535294 -1.399151
3.535421 -1.406243
3.535547 -1.406190
3.535674 -1.404013
3.535800 -1.402437
3.535927 -1.403535
3.536053 -1.401197
3.536180 -1.400296
3.536306 -1.397644
3.536432 -1.396658
3.536558 -1.395725
3.536685 -1.397830
3.536811 -1.398160
3.536937 -1.399237
3.537063 -1.403252
3.537189 -1.408277
3.537315 -1.407472
3.537441 -1.405844
3.537567 -1.389415
3.537693 -1.384885
3.537819 -1.379727
3.537945 -1.371539
3.538071 -1.368603
3.538197 -1.365393
3.538322 -1.363130
3.538448 -1.358483
3.538574 -1.362177
3.538699 -1.359790
3.538825 -1.354118
3.538951 -1.349599
3.539076 -1.343978
3.539202 -1.348313
3.539327 -1.343606
3.539452 -1.345739
3.539578 -1.349151
3.539703 -1.354829
3.539829 -1.356855
3.539954 -1.352408
3.540079 -1.342360
3.540204 -1.337627
3.540329 -1.333044
3.540455 -1.332025
3.540580 -1.333167
3.540705 -1.335348
3.540830 -1.332561
3.540955 -1.326297
3.541080 -1.320304
3.541205 -1.319372
3.541330 -1.325956
3.541454 -1.329327
3.541579 -1.332775
3.541704 -1.339462
3.541829 -1.341666
3.541953 -1.344173
3.542078 -1.342462
3.542203 -1.341214
3.542327 -1.338054
3.542452 -1.333790
3.542576 -1.329705
3.542701 -1.328966
3.542825 -1.329060
3.542950 -1.332278
3.543074 -1.336226
3.543199 -1.340293
3.543323 -1.334840
3.543447 -1.332869
3.543571 -1.332267
3.543696 -1.330053
3.543820 -1.326349
3.543944 -1.325428
3.544068 -1.326406
3.544192 -1.322300
3.544316 -1.314888
3.544440 -1.313111
3.544564 -1.314194
3.544688 -1.315406
3.544812 -1.317678
3.544936 -1.323755
3.545060 -1.331688
3.545183 -1.343083
3.545307 -1.348486
3.545431 -1.355575
3.545555 -1.357582
3.545678 -1.357024
3.545802 -1.366305
3.545925 -1.374004
3.546049 -1.381763
3.546172 -1.391595
3.546296 -1.394726
3.546419 -1.399000
3.546543 -1.401807
3.546666 -1.404229
3.546789 -1.400051
3.546913 -1.402776
3.547036 -1.401737
3.547159 -1.402345
3.547282 -1.408954
3.547405 -1.415362
3.547529 -1.414554
3.547652 -1.421141
3.547775 -1.428981
3.547898 -1.433966
3.548021 -1.435958
3.548144 -1.437029
3.548267 -1.438562
3.548389 -1.439690
3.548512 -1.440467
3.548635 -1.442192
3.548758 -1.447201
3.548881 -1.450973
3.549003 -1.454234
3.549126 -1.463175
3.549249 -1.463607
3.549371 -1.462631
3.549494 -1.459931
3.549616 -1.457908
3.549739 -1.453480
3.549861 -1.455863
3.549984 -1.461876
3.550106 -1.467374
3.550228 -1.470331
3.550351 -1.476313
3.550473 -1.469666
3.550595 -1.473795
3.550717 -1.473099
3.550840 -1.476109
3.550962 -1.475411
3.551084 -1.477818
3.551206 -1.482759
3.551328 -1.479431
3.551450 -1.476992
3.551572 -1.475403
3.551694 -1.470193
3.551816 -1.462707
3.551938 -1.459917
3.552060 -1.454275
3.552181 -1.448815
3.552303 -1.444885
3.552425 -1.448973
3.552547 -1.452371
3.552668 -1.450522
3.552790 -1.442127
3.552911 -1.441838
3.553033 -1.441231
3.553155 -1.447390
3.553276 -1.443505
3.553398 -1.438553
3.553519 -1.430256
3.553640 -1.428683
3.553762 -1.425800
3.553883 -1.426505
3.554004 -1.418521
3.554126 -1.412500
3.554247 -1.411278
3.554368 -1.408365
3.554489 -1.411712
3.554610 -1.409649
3.554731 -1.408500
3.554852 -1.401732
3.554973 -1.398123
3.555094 -1.390176
3.555215 -1.383649
3.555336 -1.378831
3.555457 -1.372473
3.555578 -1.370074
3.555699 -1.368500
3.555820 -1.362581
3.555940 -1.361255
3.556061 -1.357988
3.556182 -1.360261
3.556303 -1.360542
3.556423 -1.359024
3.556544 -1.358077
3.556664 -1.361017
3.556785 -1.354335
3.556905 -1.348698
3.557026 -1.345826
3.557146 -1.339964
3.557267 -1.335595
3.557387 -1.330820
3.557507 -1.323615
3.557627 -1.326434
3.557748 -1.326002
3.557868 -1.326714
3.557988 -1.329309
3.558108 -1.329383
3.558228 -1.333809
3.558349 -1.335134
3.558469 -1.329424
3.558589 -1.321897
3.558709 -1.317961
3.558829 -1.311524
3.558948 -1.311821
3.559068 -1.308670
3.559188 -1.305309
3.559308 -1.297593
3.559428 -1.295479
3.559548 -1.290197
3.559667 -1.282679
3.559787 -1.282254
3.559907 -1.282023
3.560026 -1.279589
3.560146 -1.276860
3.560265 -1.270114
3.560385 -1.269878
3.560504 -1.267328
3.560624 -1.267992
3.560743 -1.264973
3.560863 -1.262852
3.560982 -1.262325
3.561101 -1.262839
3.561221 -1.265741
3.561340 -1.264391
3.561459 -1.264484
3.561578 -1.265988
3.561698 -1.264726
3.561817 -1.263656
3.561936 -1.265720
3.562055 -1.267320
3.562174 -1.272352
3.562293 -1.274505
3.562412 -1.277914
3.562531 -1.279493
3.562650 -1.277981
3.562769 -1.277916
3.562887 -1.279272
3.563006 -1.280602
3.563125 -1.281019
3.563244 -1.282289
3.563362 -1.278174
3.563481 -1.279161
3.563600 -1.286743
3.563718 -1.290660
3.563837 -1.290462
3.563955 -1.291481
3.564074 -1.292487
3.564192 -1.294188
3.564311 -1.298406
3.564429 -1.304099
3.564548 -1.306848
3.564666 -1.315741
3.564784 -1.324953
3.564903 -1.328857
3.565021 -1.330072
3.565139 -1.331781
3.565257 -1.339565
3.565376 -1.350182
3.565494 -1.355860
3.565612 -1.362883
3.565730 -1.364415
3.565848 -1.361922
3.565966 -1.357608
3.566084 -1.357112
3.566202 -1.358403
3.566320 -1.363318
3.566437 -1.369609
3.566555 -1.370697
3.566673 -1.371121
3.566791 -1.374651
3.566909 -1.380728
3.567026 -1.384603
3.567144 -1.385796
3.567262 -1.383947
3.567379 -1.391254
3.567497 -1.391858
3.567614 -1.393339
3.567732 -1.396050
3.567849 -1.396943
3.567967 -1.397096
3.568084 -1.398979
3.568202 -1.397279
3.568319 -1.394700
3.568436 -1.395599
3.568554 -1.384004
3.568671 -1.386159
3.568788 -1.391135
3.568905 -1.397937
3.569023 -1.409068
3.569140 -1.414620
3.569257 -1.419965
3.569374 -1.425357
3.569491 -1.432617
3.569608 -1.438273
3.569725 -1.441703
3.569842 -1.443668
3.569959 -1.439981
3.570076 -1.437944
3.570193 -1.439666
3.570309 -1.436876
3.570426 -1.433375
3.570543 -1.435101
3.570660 -1.434730
3.570776 -1.434328
3.570893 -1.435793
3.571010 -1.433284
3.571126 -1.428579
3.571243 -1.427113
3.571359 -1.430646
3.571476 -1.430293
3.571592 -1.431585
3.571709 -1.425525
3.571825 -1.421160
3.571942 -1.416972
3.572058 -1.417866
3.572174 -1.423897
3.572291 -1.424529
3.572407 -1.422196
3.572523 -1.421943
3.572639 -1.421613
3.572755 -1.424023
3.572872 -1.426771
3.572988 -1.430244
3.573104 -1.434688
3.573220 -1.440397
3.573336 -1.450913
3.573452 -1.458460
3.573568 -1.458977
3.573684 -1.461459
3.573800 -1.461600
3.573915 -1.469542
3.574031 -1.467934
3.574147 -1.470569
3.574263 -1.467308
3.574379 -1.468600
3.574494 -1.459237
3.574610 -1.457397
3.574726 -1.450180
3.574841 -1.447933
3.574957 -1.449265
3.575072 -1.443582
3.575188 -1.437006
3.575303 -1.431011
3.575419 -1.426813
3.575534 -1.419486
3.575650 -1.420731
3.575765 -1.415369
3.575880 -1.411129
3.575996 -1.409822
3.576111 -1.410619
3.576226 -1.399660
3.576341 -1.400041
3.576457 -1.397614
3.576572 -1.399389
3.576687 -1.396894
3.576802 -1.390352
3.576917 -1.385982
3.577032 -1.379980
3.577147 -1.378781
3.577262 -1.378623
3.577377 -1.379706
3.577492 -1.379119
3.577607 -1.379388
3.577722 -1.373247
3.577836 -1.363724
3.577951 -1.353734
3.578066 -1.344385
3.578181 -1.341424
3.578295 -1.341618
3.578410 -1.342024
3.578525 -1.338490
3.578639 -1.330553
3.578754 -1.325170
3.578868 -1.324630
3.578983 -1.324016
3.579097 -1.324648
3.579212 -1.327633
3.579326 -1.331011
3.579441 -1.333142
3.579555 -1.337640
3.579669 -1.335660
3.579784 -1.336728
3.579898 -1.340650
3.580012 -1.341833
3.580126 -1.338660
3.580241 -1.332802
3.580355 -1.326786
3.580469 -1.325202
3.580583 -1.329277
3.580697 -1.334421
3.580811 -1.338320
3.580925 -1.338775
3.581039 -1.340026
3.581153 -1.337200
3.581267 -1.345435
3.581381 -1.357063
3.581495 -1.361443
3.581608 -1.368205
3.581722 -1.375877
3.581836 -1.377501
3.581950 -1.376600
3.582063 -1.380517
3.582177 -1.387281
3.582291 -1.389943
3.582404 -1.396622
3.582518 -1.396497
3.582631 -1.392592
3.582745 -1.392675
3.582858 -1.392017
3.582972 -1.390712
3.583085 -1.395031
3.583199 -1.396896
3.583312 -1.397784
3.583426 -1.396412
3.583539 -1.396899
3.583652 -1.395511
3.583765 -1.398454
3.583879 -1.401011
3.583992 -1.400646
3.584105 -1.400438
3.584218 -1.395839
3.584331 -1.396622
3.584444 -1.398195
3.584557 -1.397118
3.584670 -1.398247
3.584783 -1.401654
3.584896 -1.408421
3.585009 -1.397515
3.585122 -1.399314
3.585235 -1.408000
3.585348 -1.417688
3.585461 -1.420823
3.585574 -1.422770
3.585686 -1.420882
3.585799 -1.420332
3.585912 -1.421996
3.586024 -1.423847
3.586137 -1.424289
3.586250 -1.430064
3.586362 -1.432632
3.586475 -1.438044
3.586587 -1.441662
3.586700 -1.446347
3.586812 -1.450972
3.586925 -1.448674
3.587037 -1.451935
3.587149 -1.454098
3.587262 -1.461634
3.587374 -1.469325
3.587486 -1.478069
3.587599 -1.478722
3.587711 -1.479166
3.587823 -1.475530
3.587935 -1.479507
3.588047 -1.483620
3.588160 -1.484738
3.588272 -1.483828
3.588384 -1.484020
3.588496 -1.481138
3.588608 -1.483359
3.588720 -1.482689
3.588832 -1.479178
3.588944 -1.482693
3.589056 -1.477448
3.589167 -1.475005
3.589279 -1.474585
3.589391 -1.469884
3.589503 -1.465205
3.589615 -1.463760
3.589726 -1.466136
3.589838 -1.473233
3.589950 -1.478455
3.590061 -1.479772
3.590173 -1.479374
3.590284 -1.473875
3.590396 -1.476143
3.590507 -1.468185
3.590619 -1.466474
3.590730 -1.470042
3.590842 -1.472951
3.590953 -1.474021
3.591065 -1.481260
3.591176 -1.485143
3.591287 -1.485814
3.591399 -1.485260
3.591510 -1.484109
3.591621 -1.482981
3.591732 -1.482813
3.591843 -1.488231
3.591955 -1.483390
3.592066 -1.482930
3.592177 -1.477788
3.592288 -1.474739
3.592399 -1.479711
3.592510 -1.477384
3.592621 -1.469903
3.592732 -1.462315
3.592843 -1.459039
3.592954 -1.457535
3.593064 -1.452808
3.593175 -1.449540
3.593286 -1.448491
3.593397 -1.449942
3.593508 -1.448975
3.593618 -1.444274
3.593729 -1.443547
3.593840 -1.448772
3.593950 -1.446141
3.594061 -1.448695
3.594171 -1.445196
3.594282 -1.443174
3.594393 -1.448486
3.594503 -1.451794
3.594614 -1.447195
3.594724 -1.440769
3.594834 -1.435221
3.594945 -1.431438
3.595055 -1.427650
3.595165 -1.425901
3.595276 -1.417501
3.595386 -1.410538
3.595496 -1.401198
3.595606 -1.396377
3.595717 -1.391206
3.595827 -1.387131
3.595937 -1.379964
3.596047 -1.376414
3.596157 -1.372457
3.596267 -1.366880
3.596377 -1.360018
3.596487 -1.353505
3.596597 -1.347813
3.596707 -1.344812
3.596817 -1.340911
3.596927 -1.337096
3.597037 -1.331312
3.597146 -1.328615
3.597256 -1.327396
3.597366 -1.325904
3.597476 -1.324063
3.597586 -1.321930
3.597695 -1.320309
3.597805 -1.317442
3.597914 -1.313379
3.598024 -1.300704
3.598134 -1.289806
3.598243 -1.283356
3.598353 -1.279149
3.598462 -1.279908
3.598572 -1.279949
3.598681 -1.277791
3.598791 -1.273416
3.598900 -1.267268
3.599009 -1.259089
3.599119 -1.255932
3.599228 -1.256295
3.599337 -1.254600
3.599446 -1.252771
3.599556 -1.251359
3.599665 -1.247996
3.599774 -1.243225
3.599883 -1.241592
3.599992 -1.242084
3.600101 -1.240921
3.600210 -1.242563
3.600319 -1.243865
3.600428 -1.246264
3.600537 -1.249014
3.600646 -1.247487
3.600755 -1.246428
3.600864 -1.246593
3.600973 -1.251624
3.601082 -1.252671
3.601191 -1.252054
3.601299 -1.251056
3.601408 -1.252966
3.601517 -1.259018
3.601625 -1.260699
3.601734 -1.265113
3.601843 -1.266473
3.601951 -1.267698
3.602060 -1.246675
3.602169 -1.245381
3.602277 -1.246220
3.602386 -1.248123
3.602494 -1.248939
3.602603 -1.250892
3.602711 -1.245249
3.602819 -1.242117
3.602928 -1.238863
3.603036 -1.241526
3.603144 -1.243791
3.603253 -1.246809
3.603361 -1.250401
3.603469 -1.253188
3.603577 -1.251694
3.603686 -1.252157
3.603794 -1.256602
3.603902 -1.261555
3.604010 -1.264793
3.604118 -1.271049
3.604226 -1.275043
3.604334 -1.282691
3.604442 -1.284536
3.604550 -1.294930
3.604658 -1.301070
3.604766 -1.301665
3.604874 -1.300086
3.604982 -1.300112
3.605089 -1.299286
3.605197 -1.305828
3.605305 -1.309954
3.605413 -1.310651
3.605521 -1.315307
3.605628 -1.319253
3.605736 -1.321705
3.605844 -1.323320
3.605951 -1.324149
3.606059 -1.323346
3.606166 -1.322546
3.606274 -1.325648
3.606381 -1.329809
3.606489 -1.331902
3.606596 -1.335867
3.606704 -1.340743
3.606811 -1.346346
3.606919 -1.345453
3.607026 -1.344278
3.607133 -1.343042
3.607241 -1.346051
3.607348 -1.348381
3.607455 -1.350010
3.607562 -1.352507
3.607669 -1.352711
3.607777 -1.354524
3.607884 -1.356220
3.607991 -1.355101
3.608098 -1.352143
3.608205 -1.350841
3.608312 -1.352380
3.608419 -1.348738
3.608526 -1.348008
3.608633 -1.343083
3.608740 -1.345461
3.608847 -1.349549
3.608954 -1.346435
3.609061 -1.345819
3.609167 -1.353833
3.609274 -1.361161
3.609381 -1.365270
3.609488 -1.366370
3.609594 -1.369798
3.609701 -1.369282
3.609808 -1.368870
3.609914 -1.368644
3.610021 -1.371778
3.610128 -1.374674
3.610234 -1.371074
3.610341 -1.368785
3.610447 -1.364901
3.610554 -1.364881
3.610660 -1.365401
3.610767 -1.361889
3.610873 -1.360140
3.610979 -1.356395
3.611086 -1.358444
3.611192 -1.360570
3.611298 -1.357363
3.611405 -1.354095
3.611511 -1.353175
3.611617 -1.355617
3.611723 -1.360051
3.611829 -1.360966
3.611936 -1.362289
3.612042 -1.361512
3.612148 -1.364871
3.612254 -1.365715
3.612360 -1.363754
3.612466 -1.360701
3.612572 -1.357578
3.612678 -1.355033
3.612784 -1.358142
3.612890 -1.357741
3.612996 -1.360742
3.613102 -1.365970
3.613207 -1.368359
3.613313 -1.368558
3.613419 -1.370333
3.613525 -1.373607
3.613630 -1.384017
3.613736 -1.389701
3.613842 -1.401619
3.613947 -1.400689
3.614053 -1.401910
3.614159 -1.400385
3.614264 -1.404368
3.614370 -1.410016
3.614475 -1.406955
3.614581 -1.405189
3.614686 -1.406449
3.614792 -1.405735
3.614897 -1.406617
3.615003 -1.405727
3.615108 -1.403468
3.615213 -1.402064
3.615319 -1.401880
3.615424 -1.400875
3.615529 -1.398979
3.615634 -1.399710
3.615740 -1.395704
3.615845 -1.388850
3.615950 -1.387622
3.616055 -1.390733
3.616160 -1.389020
3.616265 -1.387011
3.616370 -1.385274
3.616476 -1.383133
3.616581 -1.381843
3.616686 -1.381213
3.616790 -1.377993
3.616895 -1.374348
3.617000 -1.370786
3.617105 -1.365282
3.617210 -1.362362
3.617315 -1.363943
3.617420 -1.359701
3.617525 -1.359368
3.617629 -1.358467
3.617734 -1.361473
3.617839 -1.360274
3.617943 -1.359570
3.618048 -1.357390
3.618153 -1.352292
3.618257 -1.349100
3.618362 -1.347301
3.618466 -1.344879
3.618571 -1.341044
3.618676 -1.342677
3.618780 -1.341451
3.618884 -1.340633
3.618989 -1.339112
3.619093 -1.342076
3.619198 -1.335157
3.619302 -1.330591
3.619406 -1.326722
3.619511 -1.323524
3.619615 -1.326621
3.619719 -1.310385
3.619824 -1.314228
3.619928 -1.312600
3.620032 -1.308987
3.620136 -1.308984
3.620240 -1.306566
3.620344 -1.307234
3.620448 -1.312435
3.620552 -1.316567
3.620656 -1.320924
3.620760 -1.326554
3.620864 -1.333896
3.620968 -1.339432
3.621072 -1.338493
3.621176 -1.345020
3.621280 -1.346070
3.621384 -1.347265
3.621488 -1.348273
3.621592 -1.352390
3.621695 -1.361049
3.621799 -1.364753
3.621903 -1.370582
3.622007 -1.370228
3.622110 -1.369567
3.622214 -1.369291
3.622318 -1.368884
3.622421 -1.371150
3.622525 -1.370371
3.622628 -1.372728
3.622732 -1.376529
3.622835 -1.380850
3.622939 -1.387559
3.623042 -1.390401
3.623146 -1.392543
3.623249 -1.393035
3.623353 -1.391034
3.623456 -1.391447
3.623559 -1.390440
3.623663 -1.391022
3.623766 -1.390393
3.623869 -1.383721
3.623973 -1.378503
3.624076 -1.379023
3.624179 -1.375438
3.624282 -1.376271
3.624385 -1.380991
3.624488 -1.386232
3.624591 -1.387851
3.624695 -1.390914
3.624798 -1.391762
3.624901 -1.393040
3.625004 -1.393272
3.625107 -1.392512
3.625210 -1.391628
3.625312 -1.392042
3.625415 -1.391962
3.625518 -1.389441
3.625621 -1.388522
3.625724 -1.395912
3.625827 -1.399510
3.625929 -1.405591
3.626032 -1.407321
3.626135 -1.406845
3.626238 -1.405598
3.626340 -1.406521
3.626443 -1.408805
3.626546 -1.415069
3.626648 -1.416300
3.626751 -1.419918
3.626853 -1.423686
3.626956 -1.431124
3.627058 -1.431849
3.627161 -1.432231
3.627263 -1.434994
3.627366 -1.435000
3.627468 -1.430916
3.627571 -1.431700
3.627673 -1.428278
3.627775 -1.427313
3.627878 -1.426624
3.627980 -1.424323
3.628082 -1.425779
3.628185 -1.429521
3.628287 -1.428176
3.628389 -1.426842
3.628491 -1.425985
3.628593 -1.424483
3.628695 -1.421298
3.628797 -1.417944
3.628900 -1.416765
3.629002 -1.413270
3.629104 -1.410471
3.629206 -1.410196
3.629308 -1.409662
3.629410 -1.412207
3.629512 -1.414202
3.629613 -1.415811
3.629715 -1.414919
3.629817 -1.412929
3.629919 -1.415279
3.630021 -1.414242
3.630123 -1.413495
3.630224 -1.415926
3.630326 -1.417541
3.630428 -1.415897
3.630530 -1.414775
3.630631 -1.412990
3.630733 -1.413132
3.630835 -1.412315
3.630936 -1.413004
3.631038 -1.412542
3.631139 -1.415007
3.631241 -1.414785
3.631342 -1.416348
3.631444 -1.418453
3.631545 -1.420928
3.631647 -1.424103
3.631748 -1.426414
3.631849 -1.432587
3.631951 -1.441291
3.632052 -1.442193
3.632153 -1.441729
3.632255 -1.446568
3.632356 -1.454579
3.632457 -1.456426
3.632559 -1.452543
3.632660 -1.449938
3.632761 -1.447464
3.632862 -1.443324
3.632963 -1.445010
3.633064 -1.442256
3.633165 -1.441964
3.633266 -1.441118
3.633367 -1.442580
3.633468 -1.443034
3.633569 -1.445513
3.633670 -1.444246
3.633771 -1.443242
3.633872 -1.447316
3.633973 -1.452001
3.634074 -1.454446
3.634175 -1.455334
3.634276 -1.453930
3.634376 -1.449819
3.634477 -1.446880
3.634578 -1.445314
3.634679 -1.442196
3.634779 -1.435473
3.634880 -1.431114
3.634981 -1.427595
3.635081 -1.427852
3.635182 -1.424965
3.635283 -1.422527
3.635383 -1.417200
3.635484 -1.414104
3.635584 -1.411317
3.635685 -1.408460
3.635785 -1.405965
3.635886 -1.404315
3.635986 -1.405675
3.636087 -1.405309
3.636187 -1.402202
3.636287 -1.398686
3.636388 -1.393845
3.636488 -1.390114
3.636588 -1.388783
3.636688 -1.385821
3.636789 -1.392190
3.636889 -1.395842
3.636989 -1.396798
3.637089 -1.394691
3.637189 -1.394576
3.637290 -1.395542
3.637390 -1.397055
3.637490 -1.395787
3.637590 -1.395735
3.637690 -1.397029
3.637790 -1.399134
3.637890 -1.397947
3.637990 -1.397987
3.638090 -1.392888
3.638190 -1.369119
3.638290 -1.366980
3.638389 -1.358516
3.638489 -1.352656
3.638589 -1.352020
3.638689 -1.350256
3.638789 -1.346278
3.638888 -1.341016
3.638988 -1.338499
3.639088 -1.334311
3.639188 -1.332863
3.639287 -1.332912
3.639387 -1.329584
3.639486 -1.325847
3.639586 -1.325445
3.639686 -1.323114
3.639785 -1.321671
3.639885 -1.319212
3.639984 -1.320530
3.640084 -1.319582
3.640183 -1.318355
3.640283 -1.315408
3.640382 -1.312391
3.640481 -1.307615
3.640581 -1.300918
3.640680 -1.296951
3.640779 -1.298146
3.640879 -1.295043
3.640978 -1.296620
3.641077 -1.298470
3.641177 -1.300565
3.641276 -1.300946
3.641375 -1.303924
3.641474 -1.301887
3.641573 -1.301172
3.641672 -1.304656
3.641771 -1.304916
3.641871 -1.313660
3.641970 -1.315094
3.642069 -1.323302
3.642168 -1.325978
3.642267 -1.324828
3.642366 -1.327327
3.642465 -1.326156
3.642563 -1.320318
3.642662 -1.322111
3.642761 -1.328090
3.642860 -1.333362
3.642959 -1.336828
3.643058 -1.341172
3.643156 -1.337537
3.643255 -1.339609
3.643354 -1.339854
3.643453 -1.338769
3.643551 -1.338160
3.643650 -1.339419
3.643749 -1.337914
3.643847 -1.340008
3.643946 -1.339785
3.644044 -1.345323
3.644143 -1.348296
3.644242 -1.349214
3.644340 -1.351218
3.644439 -1.353826
3.644537 -1.361763
3.644636 -1.367316
3.644734 -1.369286
3.644832 -1.364600
3.644931 -1.362290
3.645029 -1.358100
3.645127 -1.354602
3.645226 -1.352211
3.645324 -1.353027
3.645422 -1.353005
3.645521 -1.349232
3.645619 -1.348586
3.645717 -1.352372
3.645815 -1.352942
3.645913 -1.357856
3.646011 -1.365123
3.646110 -1.366192
3.646208 -1.366174
3.646306 -1.363023
3.646404 -1.358889
3.646502 -1.355523
3.646600 -1.360705
3.646698 -1.361089
3.646796 -1.358172
3.646894 -1.359044
3.646992 -1.359455
3.647089 -1.359112
3.647187 -1.361551
3.647285 -1.360143
3.647383 -1.356679
3.647481 -1.358211
3.647579 -1.359073
3.647676 -1.360609
3.647774 -1.364113
3.647872 -1.366840
3.647969 -1.374543
3.648067 -1.378091
3.648165 -1.382735
3.648262 -1.380816
3.648360 -1.380367
3.648458 -1.376988
3.648555 -1.377981
3.648653 -1.380209
3.648750 -1.381611
3.648848 -1.381820
3.648945 -1.382954
3.649043 -1.380772
3.649140 -1.380814
3.649237 -1.382885
3.649335 -1.386388
3.649432 -1.385592
3.649530 -1.383362
3.649627 -1.381655
3.649724 -1.383933
3.649821 -1.384428
3.649919 -1.381105
3.650016 -1.375469
3.650113 -1.375914
3.650210 -1.370990
3.650308 -1.369357
3.650405 -1.365222
3.650502 -1.367863
3.650599 -1.371668
3.650696 -1.373034
3.650793 -1.375187
3.650890 -1.373556
3.650987 -1.370043
3.651084 -1.369920
3.651181 -1.367166
3.651278 -1.366141
3.651375 -1.373170
3.651472 -1.380020
3.651569 -1.380077
3.651666 -1.383240
3.651762 -1.383074
3.651859 -1.382984
3.651956 -1.381617
3.652053 -1.384281
3.652150 -1.385598
3.652246 -1.386234
3.652343 -1.387056
3.652440 -1.393210
3.652536 -1.398682
3.652633 -1.404606
3.652730 -1.407037
3.652826 -1.406156
3.652923 -1.409915
3.653019 -1.412813
3.653116 -1.422711
3.653213 -1.426110
3.653309 -1.428266
3.653405 -1.434449
3.653502 -1.439496
3.653598 -1.444274
3.653695 -1.441410
3.653791 -1.440645
3.653888 -1.441405
3.653984 -1.443758
3.654080 -1.444587
3.654177 -1.447932
3.654273 -1.447343
3.654369 -1.445304
3.654465 -1.446480
3.654562 -1.450894
3.654658 -1.450934
3.654754 -1.455228
3.654850 -1.454552
3.654946 -1.456630
3.655042 -1.463940
3.655138 -1.470580
3.655235 -1.479116
3.655331 -1.484581
3.655427 -1.485642
3.655523 -1.482632
3.655619 -1.484598
3.655715 -1.482998
3.655810 -1.481017
3.655906 -1.476662
3.656002 -1.471451
3.656098 -1.467492
3.656194 -1.466037
3.656290 -1.466261
3.656386 -1.464880
3.656482 -1.466931
3.656577 -1.465379
3.656673 -1.463043
3.656769 -1.456286
3.656864 -1.454953
3.656960 -1.456201
3.657056 -1.459119
3.657152 -1.460197
3.657247 -1.460229
3.657343 -1.457805
3.657438 -1.455840
3.657534 -1.432862
3.657629 -1.431938
3.657725 -1.426905
3.657820 -1.424570
3.657916 -1.426444
3.658011 -1.429574
3.658107 -1.434671
3.658202 -1.434391
3.658298 -1.426266
3.658393 -1.423688
3.658488 -1.420653
3.658584 -1.418758
3.658679 -1.416280
3.658774 -1.417406
3.658870 -1.415495
3.658965 -1.417654
3.659060 -1.417936
3.659155 -1.416775
3.659250 -1.418404
3.659346 -1.417578
3.659441 -1.419052
3.659536 -1.419188
3.659631 -1.418564
3.659726 -1.418023
3.659821 -1.416458
3.659916 -1.414723
3.660011 -1.415480
3.660106 -1.414508
3.660201 -1.416571
3.660296 -1.415634
3.660391 -1.416076
3.660486 -1.418599
3.660581 -1.419842
3.660676 -1.418706
3.660771 -1.419020
3.660865 -1.421256
3.660960 -1.421371
3.661055 -1.420511
3.661150 -1.419317
3.661245 -1.418464
3.661339 -1.419985
3.661434 -1.420530
3.661529 -1.421562
3.661623 -1.417936
3.661718 -1.419829
3.661813 -1.424995
3.661907 -1.427955
3.662002 -1.427150
3.662096 -1.426319
3.662191 -1.428468
3.662286 -1.426137
3.662380 -1.421257
3.662475 -1.414863
3.662569 -1.414249
3.662663 -1.412988
3.662758 -1.411825
3.662852 -1.405823
3.662947 -1.400460
3.663041 -1.396596
3.663135 -1.394391
3.663230 -1.394618
3.663324 -1.389589
3.663418 -1.384147
3.663512 -1.384519
3.663607 -1.385552
3.663701 -1.390067
3.663795 -1.388690
3.663889 -1.390157
3.663983 -1.391930
3.664078 -1.390555
3.664172 -1.394712
3.664266 -1.397809
3.664360 -1.404632
3.664454 -1.408375
3.664548 -1.409873
3.664642 -1.410960
3.664736 -1.411151
3.664830 -1.412324
3.664924 -1.405681
3.665018 -1.404022
3.665112 -1.404038
3.665206 -1.400409
3.665299 -1.397361
3.665393 -1.397768
3.665487 -1.394464
3.665581 -1.396104
3.665675 -1.391626
3.665769 -1.384596
3.665862 -1.377614
3.665956 -1.369863
3.666050 -1.368189
3.666143 -1.369906
3.666237 -1.371623
3.666331 -1.372735
3.666424 -1.369076
3.666518 -1.369734
3.666612 -1.367934
3.666705 -1.369473
3.666799 -1.370692
3.666892 -1.372557
3.666986 -1.372595
3.667079 -1.374185
3.667173 -1.371897
3.667266 -1.373099
3.667360 -1.372454
3.667453 -1.373510
3.667546 -1.374947
3.667640 -1.376320
3.667733 -1.379610
3.667826 -1.384946
3.667920 -1.390226
3.668013 -1.392387
3.668106 -1.395282
3.668199 -1.398635
3.668293 -1.401675
3.668386 -1.400755
3.668479 -1.400961
3.668572 -1.400765
3.668665 -1.400001
3.668759 -1.398888
3.668852 -1.397381
3.668945 -1.394837
3.669038 -1.393119
3.669131 -1.388307
3.669224 -1.387192
3.669317 -1.385517
3.669410 -1.385969
3.669503 -1.390312
3.669596 -1.389158
3.669689 -1.384944
3.669782 -1.383743
3.669875 -1.383296
3.669967 -1.383444
3.670060 -1.387727
3.670153 -1.388208
3.670246 -1.395332
3.670339 -1.401219
3.670431 -1.408479
3.670524 -1.402042
3.670617 -1.399515
3.670710 -1.401640
3.670802 -1.404635
3.670895 -1.408712
3.670988 -1.413842
3.671080 -1.417424
3.671173 -1.416898
3.671265 -1.416790
3.671358 -1.415199
3.671451 -1.411377
3.671543 -1.414484
3.671636 -1.422331
3.671728 -1.422923
3.671821 -1.424887
3.671913 -1.424151
3.672005 -1.424249
3.672098 -1.426042
3.672190 -1.423370
3.672283 -1.423586
3.672375 -1.423178
3.672467 -1.419792
3.672560 -1.416456
3.672652 -1.416322
3.672744 -1.414886
3.672836 -1.417689
3.672929 -1.423017
3.673021 -1.427135
3.673113 -1.425499
3.673205 -1.429132
3.673297 -1.433838
3.673390 -1.439299
3.673482 -1.441224
3.673574 -1.443197
3.673666 -1.449865
3.673758 -1.454497
3.673850 -1.456733
3.673942 -1.459219
3.674034 -1.461966
3.674126 -1.464461
3.674218 -1.465656
3.674310 -1.469487
3.674402 -1.470560
3.674494 -1.473857
3.674586 -1.475981
3.674677 -1.476008
3.674769 -1.479074
3.674861 -1.480208
3.674953 -1.480353
3.675045 -1.479781
3.675137 -1.482745
3.675228 -1.487008
3.675320 -1.493686
3.675412 -1.502002
3.675503 -1.504678
3.675595 -1.507583
3.675687 -1.511085
3.675778 -1.514100
3.675870 -1.518349
3.675962 -1.519695
3.676053 -1.522366
3.676145 -1.527586
3.676236 -1.533943
3.676328 -1.535562
3.676419 -1.539390
3.676511 -1.543582
3.676602 -1.545207
3.676694 -1.546337
3.676785 -1.552055
3.676876 -1.554955
3.676968 -1.559975
3.677059 -1.562982
3.677151 -1.561862
3.677242 -1.561821
3.677333 -1.565493
3.677424 -1.569511
3.677516 -1.576476
3.677607 -1.579681
3.677698 -1.559432
3.677789 -1.558900
3.677881 -1.560674
3.677972 -1.562767
3.678063 -1.563515
3.678154 -1.564042
3.678245 -1.567252
3.678336 -1.570581
3.678427 -1.570829
3.678518 -1.571252
3.678609 -1.573215
3.678700 -1.571726
3.678791 -1.578864
3.678882 -1.579528
3.678973 -1.577025
3.679064 -1.576446
3.679155 -1.580134
3.679246 -1.578086
3.679337 -1.576082
3.679428 -1.574822
3.679519 -1.568977
3.679610 -1.564828
3.679700 -1.556489
3.679791 -1.552259
3.679882 -1.544986
3.679973 -1.542272
3.680063 -1.537421
3.680154 -1.537126
3.680245 -1.544483
3.680336 -1.545751
3.680426 -1.547463
3.680517 -1.544048
3.680607 -1.542196
3.680698 -1.540846
3.680789 -1.541555
3.680879 -1.543163
3.680970 -1.548640
3.681060 -1.551801
3.681151 -1.557729
3.681241 -1.560408
3.681332 -1.563476
3.681422 -1.568401
3.681513 -1.567485
3.681603 -1.566153
3.681693 -1.564958
3.681784 -1.566023
3.681874 -1.561041
3.681964 -1.557345
3.682055 -1.553433
3.682145 -1.549433
3.682235 -1.543603
3.682326 -1.539065
3.682416 -1.535649
3.682506 -1.534348
3.682596 -1.530047
3.682686 -1.526852
3.682777 -1.525070
3.682867 -1.522622
3.682957 -1.520696
3.683047 -1.514465
3.683137 -1.511217
3.683227 -1.509130
3.683317 -1.507818
3.683407 -1.507609
3.683497 -1.504561
3.683587 -1.504920
3.683677 -1.497758
3.683767 -1.495385
3.683857 -1.494606
3.683947 -1.490404
3.684037 -1.490466
3.684127 -1.490542
3.684217 -1.489113
3.684307 -1.488317
3.684396 -1.485875
3.684486 -1.482434
3.684576 -1.477199
3.684666 -1.470582
3.684756 -1.466892
3.684845 -1.463115
3.684935 -1.459002
3.685025 -1.456488
3.685114 -1.453766
3.685204 -1.451045
3.685294 -1.449678
3.685383 -1.446287
3.685473 -1.443786
3.685563 -1.443116
3.685652 -1.439428
3.685742 -1.436962
3.685831 -1.432123
3.685921 -1.427406
3.686010 -1.423435
3.686100 -1.421259
3.686189 -1.417948
3.686279 -1.413155
3.686368 -1.409571
3.686458 -1.404135
3.686547 -1.399003
3.686636 -1.396164
3.686726 -1.391112
3.686815 -1.388303
3.686904 -1.386745
3.686994 -1.384461
3.687083 -1.382532
3.687172 -1.379464
3.687261 -1.375347
3.687351 -1.374140
3.687440 -1.376129
3.687529 -1.375619
3.687618 -1.379023
3.687707 -1.375583
3.687796 -1.374621
3.687886 -1.376449
3.687975 -1.375697
3.688064 -1.371141
3.688153 -1.367677
3.688242 -1.367511
3.688331 -1.367639
3.688420 -1.363536
3.688509 -1.366294
3.688598 -1.366944
3.688687 -1.369799
3.688776 -1.367089
3.688865 -1.364660
3.688953 -1.362045
3.689042 -1.359646
3.689131 -1.360803
3.689220 -1.362219
3.689309 -1.364544
3.689398 -1.365938
3.689486 -1.363211
3.689575 -1.367879
3.689664 -1.368643
3.689753 -1.366580
3.689841 -1.364962
3.689930 -1.362428
3.690019 -1.358515
3.690107 -1.357502
3.690196 -1.361992
3.690285 -1.366893
3.690373 -1.370731
3.690462 -1.372778
3.690550 -1.371924
3.690639 -1.370884
3.690728 -1.366963
3.690816 -1.361941
3.690905 -1.358346
3.690993 -1.357694
3.691081 -1.356954
3.691170 -1.357704
3.691258 -1.360567
3.691347 -1.363016
3.691435 -1.367557
3.691524 -1.367227
3.691612 -1.366345
3.691700 -1.370332
3.691789 -1.373394
3.691877 -1.371260
3.691965 -1.370088
3.692053 -1.367903
3.692142 -1.364884
3.692230 -1.363101
3.692318 -1.363688
3.692406 -1.365908
3.692494 -1.364122
3.692583 -1.365494
3.692671 -1.366104
3.692759 -1.362981
3.692847 -1.364245
3.692935 -1.365985
3.693023 -1.366017
3.693111 -1.359549
3.693199 -1.359978
3.693287 -1.357092
3.693375 -1.355862
3.693463 -1.355350
3.693551 -1.357647
3.693639 -1.357965
3.693727 -1.363936
3.693815 -1.370273
3.693903 -1.375728
3.693991 -1.376246
3.694078 -1.379009
3.694166 -1.378340
3.694254 -1.376975
3.694342 -1.382730
3.694430 -1.381863
3.694517 -1.383542
3.694605 -1.383035
3.694693 -1.382385
3.694781 -1.382309
3.694868 -1.381153
3.694956 -1.381032
3.695044 -1.380368
3.695131 -1.382511
3.695219 -1.381094
3.695307 -1.375159
3.695394 -1.371411
3.695482 -1.371052
3.695569 -1.372994
3.695657 -1.376870
3.695744 -1.379474
3.695832 -1.384873
3.695919 -1.387281
3.696007 -1.388325
3.696094 -1.389404
3.696182 -1.391459
3.696269 -1.393667
3.696356 -1.398740
3.696444 -1.398997
3.696531 -1.399684
3.696618 -1.400029
3.696706 -1.398896
3.696793 -1.399425
3.696880 -1.398183
3.696968 -1.396395
3.697055 -1.395462
3.697142 -1.393334
3.697229 -1.393238
3.697317 -1.393461
3.697404 -1.394566
3.697491 -1.394914
3.697578 -1.392530
3.697665 -1.392419
3.697752 -1.392294
3.697839 -1.390557
3.697926 -1.389937
3.698014 -1.391156
3.698101 -1.389944
3.698188 -1.392813
3.698275 -1.398852
3.698362 -1.404394
3.698449 -1.404438
3.698535 -1.403818
3.698622 -1.403789
3.698709 -1.403224
3.698796 -1.406573
