0.000000 -1.676163
0.301030 -1.847363
0.477121 -1.945017
0.602060 -2.028841
0.698970 -2.067989
0.778151 -2.085723
0.845098 -2.118659
0.903090 -2.168470
0.954243 -2.187810
1.000000 -2.203359
1.041393 -2.198883
1.079181 -2.226471
1.113943 -2.248299
1.146128 -2.275082
1.176091 -2.283019
1.204120 -2.296652
1.230449 -2.294913
1.255273 -2.335422
1.278754 -2.337420
1.301030 -2.321337
1.322219 -2.336370
1.342423 -2.338912
1.361728 -2.385210
1.380211 -2.381645
1.397940 -2.392717
1.414973 -2.404099
1.431364 -2.420599
1.447158 -2.437135
1.462398 -2.423980
1.477121 -2.444310
1.491362 -2.423003
1.505150 -2.470380
1.518514 -2.455557
1.531479 -2.454795
1.544068 -2.443542
1.556303 -2.461336
1.568202 -2.486320
1.579784 -2.472301
1.591065 -2.508763
1.602060 -2.491988
1.612784 -2.522426
1.623249 -2.485303
1.633468 -2.515657
1.643453 -2.489760
1.653213 -2.511487
1.662758 -2.497089
1.672098 -2.558361
1.681241 -2.561494
1.690196 -2.517491
1.698970 -2.593217
1.707570 -2.556164
1.716003 -2.522381
1.724276 -2.501403
1.732394 -2.560863
1.740363 -2.553157
1.748188 -2.577438
1.755875 -2.571644
1.763428 -2.574995
1.770852 -2.613607
1.778151 -2.584343
1.785330 -2.562416
1.792392 -2.590374
1.799341 -2.622598
1.806180 -2.608752
1.812913 -2.650113
1.819544 -2.581818
1.826075 -2.638977
1.832509 -2.591245
1.838849 -2.639478
1.845098 -2.603882
1.851258 -2.632634
1.857332 -2.597974
1.863323 -2.633465
1.869232 -2.621310
1.875061 -2.649269
1.880814 -2.635517
1.886491 -2.643700
1.892095 -2.663159
1.897627 -2.640568
1.903090 -2.671598
1.908485 -2.655272
1.913814 -2.639750
1.919078 -2.687226
1.924279 -2.672018
1.929419 -2.660660
1.934498 -2.653659
1.939519 -2.682331
1.944483 -2.642787
1.949390 -2.704590
1.954243 -2.680949
1.959041 -2.676685
1.963788 -2.668134
1.968483 -2.645627
1.973128 -2.665763
1.977724 -2.708211
1.982271 -2.715431
1.986772 -2.737149
1.991226 -2.687005
1.995635 -2.704647
2.000000 -2.723151
2.004321 -2.735759
2.008600 -2.713350
2.012837 -2.710920
2.017033 -2.691530
2.021189 -2.723549
2.025306 -2.729862
2.029384 -2.677148
2.033424 -2.748110
2.037426 -2.716435
2.041393 -2.735310
2.045323 -2.740402
2.049218 -2.746399
2.053078 -2.720207
2.056905 -2.701913
2.060698 -2.756454
2.064458 -2.737026
2.068186 -2.763722
2.071882 -2.784594
2.075547 -2.736090
2.079181 -2.736429
2.082785 -2.782521
2.086360 -2.769393
2.089905 -2.792140
2.093422 -2.724305
2.096910 -2.689779
2.100371 -2.746752
2.103804 -2.795142
2.107210 -2.750916
2.110590 -2.797863
2.113943 -2.817029
2.117271 -2.774635
2.120574 -2.755944
2.123852 -2.804109
2.127105 -2.829573
2.130334 -2.817347
2.133539 -2.793097
2.136721 -2.813373
2.139879 -2.761846
2.143015 -2.775332
2.146128 -2.734908
2.149219 -2.835294
2.152288 -2.794029
2.155336 -2.793493
2.158362 -2.808761
2.161368 -2.838391
2.164353 -2.810924
2.167317 -2.787957
2.170262 -2.782654
2.173186 -2.789785
2.176091 -2.856692
2.178977 -2.805956
2.181844 -2.809414
2.184691 -2.830570
2.187521 -2.852872
2.190332 -2.802783
2.193125 -2.804077
2.195900 -2.792617
2.198657 -2.809566
2.201397 -2.777309
2.204120 -2.852655
2.206826 -2.843777
2.209515 -2.895114
2.212188 -2.874892
2.214844 -2.857935
2.217484 -2.857669
2.220108 -2.856683
2.222716 -2.839468
2.225309 -2.830944
2.227887 -2.843094
2.230449 -2.847063
2.232996 -2.871239
2.235528 -2.885277
2.238046 -2.851091
2.240549 -2.848480
2.243038 -2.852206
2.245513 -2.872179
2.247973 -2.903578
2.250420 -2.842555
2.252853 -2.828957
2.255273 -2.807886
2.257679 -2.857172
2.260071 -2.833740
2.262451 -2.828057
2.264818 -2.852921
2.267172 -2.859225
2.269513 -2.897931
2.271842 -2.912751
2.274158 -2.900335
2.276462 -2.939822
2.278754 -2.886785
2.281033 -2.932057
2.283301 -2.873419
2.285557 -2.878519
2.287802 -2.914134
2.290035 -2.884521
2.292256 -2.847569
2.294466 -2.835483
2.296665 -2.889201
2.298853 -2.883805
2.301030 -2.937328
2.303196 -2.921543
2.305351 -2.935750
2.307496 -2.908166
2.309630 -2.907849
2.311754 -2.911944
2.313867 -2.934205
2.315970 -2.928598
2.318063 -2.884896
2.320146 -2.901107
2.322219 -2.894360
2.324282 -2.890025
2.326336 -2.886431
2.328380 -2.894027
2.330414 -2.889495
2.332438 -2.888908
2.334454 -2.892517
2.336460 -2.895818
2.338456 -2.935991
2.340444 -2.958780
2.342423 -2.929822
2.344392 -2.954816
2.346353 -2.949876
2.348305 -2.994259
2.350248 -2.956058
2.352183 -2.943740
2.354108 -2.960336
2.356026 -2.901169
2.357935 -2.898223
2.359835 -2.905663
2.361728 -2.899762
2.363612 -2.917216
2.365488 -2.921970
2.367356 -2.905408
2.369216 -2.921956
2.371068 -2.914186
2.372912 -2.929067
2.374748 -2.919670
2.376577 -2.934101
2.378398 -2.923011
2.380211 -2.982234
2.382017 -2.957990
2.383815 -2.989388
2.385606 -2.997930
2.387390 -2.968900
2.389166 -2.997188
2.390935 -2.969803
2.392697 -3.001888
2.394452 -2.957186
2.396199 -2.954289
2.397940 -2.959365
2.399674 -2.939450
2.401401 -2.959910
2.403121 -2.963256
2.404834 -2.971925
2.406540 -2.957167
2.408240 -2.979653
2.409933 -2.953817
2.411620 -2.960155
2.413300 -2.998103
2.414973 -2.968810
2.416641 -2.955796
2.418301 -3.000120
2.419956 -3.020413
2.421604 -2.983395
2.423246 -2.962375
2.424882 -3.038697
2.426511 -3.039326
2.428135 -3.048897
2.429752 -3.036399
2.431364 -3.004460
2.432969 -3.059326
2.434569 -3.045521
2.436163 -3.013912
2.437751 -2.994700
2.439333 -3.020299
2.440909 -2.981459
2.442480 -3.018695
2.444045 -3.013290
2.445604 -3.008346
2.447158 -3.000586
2.448706 -2.999867
2.450249 -3.001274
2.451786 -2.985140
2.453318 -2.970510
2.454845 -2.934935
2.456366 -2.918612
2.457882 -2.937643
2.459392 -2.968587
2.460898 -2.995316
2.462398 -3.003396
2.463893 -3.022285
2.465383 -3.013725
2.466868 -3.032124
2.468347 -3.007215
2.469822 -2.999421
2.471292 -2.989696
2.472756 -2.975288
2.474216 -2.962927
2.475671 -2.996765
2.477121 -3.022449
2.478566 -3.022241
2.480007 -3.000303
2.481443 -3.010659
2.482874 -3.010278
2.484300 -3.026176
2.485721 -3.044624
2.487138 -3.054928
2.488551 -3.053847
2.489958 -3.053156
2.491362 -3.019345
2.492760 -3.018361
2.494155 -3.023863
2.495544 -3.025673
2.496930 -2.986188
2.498311 -2.988209
2.499687 -3.020848
2.501059 -3.021138
2.502427 -2.998045
2.503791 -3.023989
2.505150 -3.029636
2.506505 -3.005783
2.507856 -3.011201
2.509203 -3.025153
2.510545 -3.047416
2.511883 -3.038725
2.513218 -3.046142
2.514548 -3.012058
2.515874 -3.014654
2.517196 -3.043131
2.518514 -3.060417
2.519828 -3.072897
2.521138 -3.018406
2.522444 -2.999911
2.523746 -3.046557
2.525045 -3.044668
2.526339 -3.045900
2.527630 -3.014340
2.528917 -3.063515
2.530200 -3.056004
2.531479 -3.062996
2.532754 -3.000211
2.534026 -3.081122
2.535294 -3.079555
2.536558 -3.101351
2.537819 -3.052390
2.539076 -3.107172
2.540329 -3.103919
2.541579 -3.042799
2.542825 -3.099118
2.544068 -3.093514
2.545307 -3.060323
2.546543 -3.063720
2.547775 -3.101482
2.549003 -3.110299
2.550228 -3.051236
2.551450 -3.078055
2.552668 -3.070293
2.553883 -3.048927
2.555094 -3.053096
2.556303 -3.062477
2.557507 -3.059973
2.558709 -3.077405
2.559907 -3.035676
2.561101 -3.046976
2.562293 -3.069216
2.563481 -3.042200
2.564666 -3.049753
2.565848 -3.090605
2.567026 -3.058063
2.568202 -3.049064
2.569374 -3.072699
2.570543 -3.050861
2.571709 -3.074884
2.572872 -3.039639
2.574031 -3.061617
2.575188 -3.085890
2.576341 -3.087030
2.577492 -3.078482
2.578639 -3.051025
2.579784 -3.077822
2.580925 -3.105121
2.582063 -3.114439
2.583199 -3.071311
2.584331 -3.077229
2.585461 -3.089829
2.586587 -3.065507
2.587711 -3.106256
2.588832 -3.096218
2.589950 -3.108132
2.591065 -3.093915
2.592177 -3.083179
2.593286 -3.095537
2.594393 -3.069321
2.595496 -3.083837
2.596597 -3.086524
2.597695 -3.125250
2.598791 -3.090306
2.599883 -3.123688
2.600973 -3.101339
2.602060 -3.158970
2.603144 -3.120405
2.604226 -3.141234
2.605305 -3.129695
2.606381 -3.147062
2.607455 -3.145474
2.608526 -3.128195
2.609594 -3.179648
2.610660 -3.111802
2.611723 -3.183524
2.612784 -3.085899
2.613842 -3.178143
2.614897 -3.093998
2.615950 -3.181531
2.617000 -3.087134
2.618048 -3.165396
2.619093 -3.064718
2.620136 -3.150949
2.621176 -3.060980
2.622214 -3.158278
2.623249 -3.075597
2.624282 -3.165395
2.625312 -3.081298
2.626340 -3.161401
2.627366 -3.088147
2.628389 -3.153615
2.629410 -3.120016
2.630428 -3.112383
2.631444 -3.134888
2.632457 -3.076337
2.633468 -3.136534
2.634477 -3.084885
2.635484 -3.154393
2.636488 -3.087120
2.637490 -3.163157
2.638489 -3.103300
2.639486 -3.156334
2.640481 -3.120034
2.641474 -3.185806
2.642465 -3.121457
2.643453 -3.084926
2.644439 -3.137339
2.645422 -3.067658
2.646404 -3.146054
2.647383 -3.089586
2.648360 -3.163497
2.649335 -3.116359
2.650308 -3.130202
2.651278 -3.134737
2.652246 -3.087737
2.653213 -3.169626
2.654177 -3.115799
2.655138 -3.182023
2.656098 -3.141095
2.657056 -3.124463
2.658011 -3.165823
2.658965 -3.078922
2.659916 -3.185383
2.660865 -3.131525
2.661813 -3.128247
2.662758 -3.138263
2.663701 -3.097554
2.664642 -3.182924
2.665581 -3.136811
2.666518 -3.132026
2.667453 -3.139241
2.668386 -3.110558
2.669317 -3.180330
2.670246 -3.141394
2.671173 -3.126750
2.672098 -3.158659
2.673021 -3.131486
2.673942 -3.159594
2.674861 -3.145958
2.675778 -3.136525
2.676694 -3.123604
2.677607 -3.118564
2.678518 -3.119293
2.679428 -3.124024
2.680336 -3.128926
2.681241 -3.212315
2.682145 -3.155897
2.683047 -3.166993
2.683947 -3.188988
2.684845 -3.170119
2.685742 -3.198978
2.686636 -3.186729
2.687529 -3.170668
2.688420 -3.182447
2.689309 -3.177936
2.690196 -3.229591
2.691081 -3.201857
2.691965 -3.185156
2.692847 -3.195004
2.693727 -3.211705
2.694605 -3.201258
2.695482 -3.179608
2.696356 -3.209483
2.697229 -3.194161
2.698101 -3.159676
2.698970 -3.190419
2.699838 -3.161691
2.700704 -3.164012
2.701568 -3.188341
2.702431 -3.180582
2.703291 -3.160054
2.704151 -3.181536
2.705008 -3.193436
2.705864 -3.167726
2.706718 -3.185000
2.707570 -3.199033
2.708421 -3.168066
2.709270 -3.187867
2.710117 -3.200115
2.710963 -3.155958
2.711807 -3.171343
2.712650 -3.177940
2.713491 -3.151543
2.714330 -3.147250
2.715167 -3.148479
2.716003 -3.146992
2.716838 -3.125089
2.717671 -3.138475
2.718502 -3.155858
2.719331 -3.144299
2.720159 -3.143128
2.720986 -3.193765
2.721811 -3.160262
2.722634 -3.163597
2.723456 -3.210675
2.724276 -3.158514
2.725095 -3.180307
2.725912 -3.200385
2.726727 -3.195878
2.727541 -3.164925
2.728354 -3.155911
2.729165 -3.215945
2.729974 -3.176266
2.730782 -3.192321
2.731589 -3.214755
2.732394 -3.180849
2.733197 -3.173636
2.733999 -3.237867
2.734800 -3.205911
2.735599 -3.181009
2.736397 -3.195598
2.737193 -3.218397
2.737987 -3.180194
2.738781 -3.174918
2.739572 -3.255903
2.740363 -3.193635
2.741152 -3.184571
2.741939 -3.202377
2.742725 -3.239236
2.743510 -3.169619
2.744293 -3.183844
2.745075 -3.246427
2.745855 -3.213518
2.746634 -3.181240
2.747412 -3.205513
2.748188 -3.232996
2.748963 -3.169563
2.749736 -3.164266
2.750508 -3.214710
2.751279 -3.222624
2.752048 -3.165435
2.752816 -3.141762
2.753583 -3.225697
2.754348 -3.225420
2.755112 -3.159684
2.755875 -3.128226
2.756636 -3.219884
2.757396 -3.176683
2.758155 -3.158891
2.758912 -3.153809
2.759668 -3.224629
2.760422 -3.180510
2.761176 -3.172458
2.761928 -3.224503
2.762679 -3.248126
2.763428 -3.201443
2.764176 -3.190085
2.764923 -3.241198
2.765669 -3.241585
2.766413 -3.206652
2.767156 -3.194284
2.767898 -3.253968
2.768638 -3.249004
2.769377 -3.216620
2.770115 -3.204657
2.770852 -3.244811
2.771587 -3.239910
2.772322 -3.218588
2.773055 -3.200803
2.773786 -3.230180
2.774517 -3.244555
2.775246 -3.225910
2.775974 -3.221651
2.776701 -3.236530
2.777427 -3.276566
2.778151 -3.276427
2.778874 -3.256855
2.779596 -3.252055
2.780317 -3.316247
2.781037 -3.277833
2.781755 -3.258072
2.782473 -3.240350
2.783189 -3.328105
2.783904 -3.276390
2.784617 -3.254124
2.785330 -3.248606
2.786041 -3.285518
2.786751 -3.317428
2.787460 -3.265886
2.788168 -3.241691
2.788875 -3.279754
2.789581 -3.313823
2.790285 -3.267166
2.790988 -3.231886
2.791691 -3.218634
2.792392 -3.249737
2.793092 -3.250198
2.793790 -3.234732
2.794488 -3.196340
2.795185 -3.234067
2.795880 -3.262308
2.796574 -3.232943
2.797268 -3.196488
2.797960 -3.177954
2.798651 -3.217689
2.799341 -3.229365
2.800029 -3.230743
2.800717 -3.190328
2.801404 -3.209433
2.802089 -3.254597
2.802774 -3.239833
2.803457 -3.232681
2.804139 -3.185707
2.804821 -3.213932
2.805501 -3.256161
2.806180 -3.246354
2.806858 -3.232815
2.807535 -3.199417
2.808211 -3.230613
2.808886 -3.263189
2.809560 -3.264411
2.810233 -3.232800
2.810904 -3.240248
2.811575 -3.225621
2.812245 -3.260488
2.812913 -3.269759
2.813581 -3.241824
2.814248 -3.258974
2.814913 -3.248667
2.815578 -3.254254
2.816241 -3.279905
2.816904 -3.242300
2.817565 -3.274461
2.818226 -3.244633
2.818885 -3.256170
2.819544 -3.277631
2.820201 -3.245193
2.820858 -3.281699
2.821514 -3.256815
2.822168 -3.259622
2.822822 -3.263324
2.823474 -3.253221
2.824126 -3.276528
2.824776 -3.269597
2.825426 -3.266704
2.826075 -3.257460
2.826723 -3.275996
2.827369 -3.277414
2.828015 -3.280882
2.828660 -3.239884
2.829304 -3.257230
2.829947 -3.260541
2.830589 -3.252703
2.831230 -3.276003
2.831870 -3.249651
2.832509 -3.254384
2.833147 -3.248088
2.833784 -3.225397
2.834421 -3.252296
2.835056 -3.248589
2.835691 -3.211894
2.836324 -3.225761
2.836957 -3.215905
2.837588 -3.221891
2.838219 -3.233829
2.838849 -3.198059
2.839478 -3.246826
2.840106 -3.214518
2.840733 -3.200502
2.841359 -3.223048
2.841985 -3.231737
2.842609 -3.196848
2.843233 -3.227394
2.843855 -3.209106
2.844477 -3.192423
2.845098 -3.217944
2.845718 -3.211144
2.846337 -3.203341
2.846955 -3.225192
2.847573 -3.213311
2.848189 -3.225943
2.848805 -3.222566
2.849419 -3.201900
2.850033 -3.231851
2.850646 -3.231090
2.851258 -3.226071
2.851870 -3.237219
2.852480 -3.229756
2.853090 -3.204772
2.853698 -3.235700
2.854306 -3.233123
2.854913 -3.243296
2.855519 -3.229734
2.856124 -3.220712
2.856729 -3.198603
2.857332 -3.242840
2.857935 -3.251764
2.858537 -3.270448
2.859138 -3.250240
2.859739 -3.245234
2.860338 -3.216951
2.860937 -3.230777
2.861534 -3.270198
2.862131 -3.266993
2.862728 -3.271761
2.863323 -3.247295
2.863917 -3.227646
2.864511 -3.217429
2.865104 -3.286409
2.865696 -3.271922
2.866287 -3.293720
2.866878 -3.274762
2.867467 -3.236855
2.868056 -3.226953
2.868644 -3.281416
2.869232 -3.274072
2.869818 -3.294291
2.870404 -3.280114
2.870989 -3.243854
2.871573 -3.240325
2.872156 -3.229196
2.872739 -3.275839
2.873321 -3.286481
2.873902 -3.284438
2.874482 -3.283504
2.875061 -3.254221
2.875640 -3.235093
2.876218 -3.269400
2.876795 -3.279253
2.877371 -3.306860
2.877947 -3.294064
2.878522 -3.286806
2.879096 -3.252431
2.879669 -3.237956
2.880242 -3.281390
2.880814 -3.281351
2.881385 -3.313547
2.881955 -3.312467
2.882525 -3.280473
2.883093 -3.256555
2.883661 -3.230717
2.884229 -3.280471
2.884795 -3.283395
2.885361 -3.322441
2.885926 -3.304403
2.886491 -3.280420
2.887054 -3.248555
2.887617 -3.231901
2.888179 -3.274956
2.888741 -3.291639
2.889302 -3.295093
2.889862 -3.288181
2.890421 -3.270380
2.890980 -3.244978
2.891537 -3.226675
2.892095 -3.275390
2.892651 -3.285012
2.893207 -3.277945
2.893762 -3.278645
2.894316 -3.265480
2.894870 -3.252244
2.895423 -3.247484
2.895975 -3.279821
2.896526 -3.270600
2.897077 -3.284380
2.897627 -3.275058
2.898176 -3.265712
2.898725 -3.253795
2.899273 -3.243895
2.899821 -3.287009
2.900367 -3.271923
2.900913 -3.276182
2.901458 -3.291175
2.902003 -3.272444
2.902547 -3.290126
2.903090 -3.279477
2.903633 -3.279949
2.904174 -3.321090
2.904716 -3.319169
2.905256 -3.326022
2.905796 -3.289614
2.906335 -3.290409
2.906874 -3.304201
2.907411 -3.289318
2.907949 -3.309829
2.908485 -3.322655
2.909021 -3.317606
2.909556 -3.321064
2.910091 -3.297055
2.910624 -3.296001
2.911158 -3.283356
2.911690 -3.287782
2.912222 -3.338571
2.912753 -3.345227
2.913284 -3.313588
2.913814 -3.294940
2.914343 -3.296941
2.914872 -3.290469
2.915400 -3.282304
2.915927 -3.301097
2.916454 -3.352312
2.916980 -3.361973
2.917506 -3.342867
2.918030 -3.317703
2.918555 -3.311187
2.919078 -3.303292
2.919601 -3.279397
2.920123 -3.290558
2.920645 -3.337624
2.921166 -3.343183
2.921686 -3.340593
2.922206 -3.303920
2.922725 -3.304061
2.923244 -3.299837
2.923762 -3.282825
2.924279 -3.281434
2.924796 -3.310866
2.925312 -3.354390
2.925828 -3.346041
2.926342 -3.332227
2.926857 -3.306919
2.927370 -3.304410
2.927883 -3.285080
2.928396 -3.284039
2.928908 -3.297418
2.929419 -3.358360
2.929930 -3.337310
2.930440 -3.342867
2.930949 -3.325052
2.931458 -3.306821
2.931966 -3.292757
2.932474 -3.285808
2.932981 -3.295318
2.933487 -3.299002
2.933993 -3.337609
2.934498 -3.341482
2.935003 -3.330184
2.935507 -3.324009
2.936011 -3.298796
2.936514 -3.288312
2.937016 -3.292267
2.937518 -3.281804
2.938019 -3.333417
2.938520 -3.326385
2.939020 -3.326434
2.939519 -3.315917
2.940018 -3.307703
2.940516 -3.298158
2.941014 -3.290884
2.941511 -3.280807
2.942008 -3.284854
2.942504 -3.330389
2.943000 -3.316333
2.943495 -3.309117
2.943989 -3.319599
2.944483 -3.314478
2.944976 -3.304758
2.945469 -3.279197
2.945961 -3.273763
2.946452 -3.272040
2.946943 -3.315765
2.947434 -3.303577
2.947924 -3.295010
2.948413 -3.311321
2.948902 -3.309702
2.949390 -3.300723
2.949878 -3.285085
2.950365 -3.272319
2.950851 -3.271183
2.951338 -3.281529
2.951823 -3.309336
2.952308 -3.302866
2.952792 -3.325017
2.953276 -3.318061
2.953760 -3.310843
2.954243 -3.305322
2.954725 -3.292796
2.955207 -3.285498
2.955688 -3.293848
2.956168 -3.315960
2.956649 -3.317981
2.957128 -3.305509
2.957607 -3.321597
2.958086 -3.314732
2.958564 -3.313219
2.959041 -3.305015
2.959518 -3.304981
2.959995 -3.290098
2.960471 -3.294278
2.960946 -3.330862
2.961421 -3.300631
2.961895 -3.304399
2.962369 -3.312781
2.962843 -3.311108
2.963316 -3.313249
2.963788 -3.311310
2.964260 -3.310828
2.964731 -3.308483
2.965202 -3.290261
2.965672 -3.331154
2.966142 -3.302279
2.966611 -3.317909
2.967080 -3.310853
2.967548 -3.315686
2.968016 -3.320875
2.968483 -3.316306
2.968950 -3.316883
2.969416 -3.322213
2.969882 -3.289207
2.970347 -3.331681
2.970812 -3.303897
2.971276 -3.310692
2.971740 -3.317864
2.972203 -3.308549
2.972666 -3.324009
2.973128 -3.327317
2.973590 -3.329769
2.974051 -3.330450
2.974512 -3.317222
2.974972 -3.335025
2.975432 -3.308350
2.975891 -3.312681
2.976350 -3.327946
2.976808 -3.317390
2.977266 -3.318754
2.977724 -3.325838
2.978181 -3.331507
2.978637 -3.326578
2.979093 -3.323408
2.979548 -3.302826
2.980003 -3.343188
2.980458 -3.310929
2.980912 -3.321222
2.981366 -3.324747
2.981819 -3.324127
2.982271 -3.336290
2.982723 -3.340110
2.983175 -3.341122
2.983626 -3.346145
2.984077 -3.332956
2.984527 -3.335593
2.984977 -3.348251
2.985426 -3.337172
2.985875 -3.342066
2.986324 -3.350246
2.986772 -3.360662
2.987219 -3.348828
2.987666 -3.347344
2.988113 -3.337988
2.988559 -3.361096
2.989005 -3.345544
2.989450 -3.339126
2.989895 -3.361711
2.990339 -3.355480
2.990783 -3.361129
2.991226 -3.370996
2.991669 -3.362943
2.992111 -3.358880
2.992554 -3.361430
2.992995 -3.351921
2.993436 -3.352803
2.993877 -3.352626
2.994317 -3.347070
2.994757 -3.361828
2.995196 -3.361385
2.995635 -3.371809
2.996074 -3.357797
2.996512 -3.346503
2.996949 -3.346859
2.997386 -3.350458
2.997823 -3.340217
2.998259 -3.343211
2.998695 -3.343198
2.999131 -3.333930
2.999565 -3.323169
3.000000 -3.368601
3.000434 -3.354325
3.000868 -3.359681
3.001301 -3.361385
3.001734 -3.359823
3.002166 -3.357062
3.002598 -3.359543
3.003029 -3.353974
3.003461 -3.359449
3.003891 -3.332847
3.004321 -3.331989
3.004751 -3.324335
3.005181 -3.363810
3.005609 -3.361636
3.006038 -3.362635
3.006466 -3.374521
3.006894 -3.360570
3.007321 -3.362593
3.007748 -3.366237
3.008174 -3.358154
3.008600 -3.363280
3.009026 -3.341296
3.009451 -3.333674
3.009876 -3.304289
3.010300 -3.366956
3.010724 -3.363864
3.011147 -3.369158
3.011570 -3.382602
3.011993 -3.372907
3.012415 -3.359946
3.012837 -3.367166
3.013259 -3.352997
3.013680 -3.366429
3.014100 -3.333568
3.014521 -3.329047
3.014940 -3.296198
3.015360 -3.333593
3.015779 -3.349961
3.016197 -3.352456
3.016616 -3.366226
3.017033 -3.368337
3.017451 -3.370010
3.017868 -3.366647
3.018284 -3.355713
3.018700 -3.344567
3.019116 -3.344037
3.019532 -3.326580
3.019947 -3.322334
3.020361 -3.300516
3.020775 -3.348282
3.021189 -3.341771
3.021603 -3.354292
3.022016 -3.376171
3.022428 -3.375314
3.022841 -3.383191
3.023252 -3.382021
3.023664 -3.362633
3.024075 -3.352187
3.024486 -3.348243
3.024896 -3.331953
3.025306 -3.303364
3.025715 -3.303036
3.026125 -3.343084
3.026533 -3.339534
3.026942 -3.349392
3.027350 -3.378696
3.027757 -3.380041
3.028164 -3.377723
3.028571 -3.380823
3.028978 -3.378710
3.029384 -3.358371
3.029789 -3.355337
3.030195 -3.339442
3.030600 -3.327678
3.031004 -3.319951
3.031408 -3.318088
3.031812 -3.364581
3.032216 -3.360614
3.032619 -3.372870
3.033021 -3.402478
3.033424 -3.401172
3.033826 -3.403940
3.034227 -3.404659
3.034628 -3.391032
3.035029 -3.384824
3.035430 -3.356352
3.035830 -3.351785
3.036230 -3.325418
3.036629 -3.323787
3.037028 -3.318897
3.037426 -3.359240
3.037825 -3.370397
3.038223 -3.376477
3.038620 -3.387379
3.039017 -3.399625
3.039414 -3.406062
3.039811 -3.406627
3.040207 -3.400532
3.040602 -3.398944
3.040998 -3.374689
3.041393 -3.359797
3.041787 -3.330534
3.042182 -3.326452
3.042576 -3.321776
3.042969 -3.371439
3.043362 -3.376244
3.043755 -3.383030
3.044148 -3.398182
3.044540 -3.397257
3.044932 -3.405959
3.045323 -3.407724
3.045714 -3.409183
3.046105 -3.402742
3.046495 -3.383993
3.046885 -3.368449
3.047275 -3.334812
3.047664 -3.334914
3.048053 -3.328609
3.048442 -3.377104
3.048830 -3.371532
3.049218 -3.379209
3.049606 -3.396829
3.049993 -3.400566
3.050380 -3.404061
3.050766 -3.411509
3.051153 -3.421448
3.051538 -3.417082
3.051924 -3.386620
3.052309 -3.384687
3.052694 -3.350167
3.053078 -3.353606
3.053463 -3.339077
3.053846 -3.328363
3.054230 -3.382887
3.054613 -3.388545
3.054996 -3.392338
3.055378 -3.402847
3.055760 -3.404305
3.056142 -3.406577
3.056524 -3.407856
3.056905 -3.411022
3.057286 -3.415977
3.057666 -3.392744
3.058046 -3.395172
3.058426 -3.360500
3.058805 -3.362658
3.059185 -3.354173
3.059563 -3.328773
3.059942 -3.370955
3.060320 -3.384785
3.060698 -3.395530
3.061075 -3.397111
3.061452 -3.410401
3.061829 -3.404900
3.062206 -3.408588
3.062582 -3.409639
3.062958 -3.405717
3.063333 -3.390062
3.063709 -3.395369
3.064083 -3.360623
3.064458 -3.365488
3.064832 -3.360710
3.065206 -3.355166
3.065580 -3.328109
3.065953 -3.388677
3.066326 -3.381428
3.066699 -3.384665
3.067071 -3.394900
3.067443 -3.412606
3.067815 -3.411252
3.068186 -3.419682
3.068557 -3.434701
3.068928 -3.422735
3.069298 -3.406064
3.069668 -3.413087
3.070038 -3.386020
3.070407 -3.386869
3.070776 -3.379025
3.071145 -3.370002
3.071514 -3.359966
3.071882 -3.406783
3.072250 -3.408607
3.072617 -3.416503
3.072985 -3.422953
3.073352 -3.429072
3.073718 -3.439387
3.074085 -3.444499
3.074451 -3.444603
3.074816 -3.430300
3.075182 -3.411949
3.075547 -3.414307
3.075912 -3.383509
3.076276 -3.394822
3.076640 -3.391865
3.077004 -3.384271
3.077368 -3.362003
3.077731 -3.363559
3.078094 -3.421087
3.078457 -3.411612
3.078819 -3.423130
3.079181 -3.450839
3.079543 -3.461109
3.079904 -3.456937
3.080266 -3.456768
3.080626 -3.455542
3.080987 -3.427466
3.081347 -3.428087
3.081707 -3.414600
3.082067 -3.386989
3.082426 -3.381733
3.082785 -3.390796
3.083144 -3.380636
3.083503 -3.370117
3.083861 -3.363546
3.084219 -3.417618
3.084576 -3.424877
3.084934 -3.418451
3.085291 -3.423711
3.085647 -3.438517
3.086004 -3.436566
3.086360 -3.432078
3.086716 -3.431392
3.087071 -3.404431
3.087426 -3.405068
3.087781 -3.391748
3.088136 -3.371019
3.088490 -3.359339
3.088845 -3.357594
3.089198 -3.353438
3.089552 -3.340094
3.089905 -3.344254
3.090258 -3.369636
3.090611 -3.417773
3.090963 -3.416209
3.091315 -3.420377
3.091667 -3.428442
3.092018 -3.428372
3.092370 -3.426746
3.092721 -3.414737
3.093071 -3.407200
3.093422 -3.379765
3.093772 -3.376645
3.094122 -3.344521
3.094471 -3.344773
3.094820 -3.335839
3.095169 -3.329699
3.095518 -3.319513
3.095866 -3.321304
3.096215 -3.324016
3.096562 -3.327737
3.096910 -3.379271
3.097257 -3.379283
3.097604 -3.380438
3.097951 -3.395208
3.098298 -3.385524
3.098644 -3.378637
3.098990 -3.380083
3.099335 -3.372583
3.099681 -3.358103
3.100026 -3.353076
3.100371 -3.321313
3.100715 -3.314035
3.101059 -3.310476
3.101403 -3.320796
3.101747 -3.314859
3.102091 -3.314076
3.102434 -3.312241
3.102777 -3.321122
3.103119 -3.368490
3.103462 -3.378569
3.103804 -3.386430
3.104146 -3.390303
3.104487 -3.404990
3.104828 -3.401387
3.105169 -3.383917
3.105510 -3.388055
3.105851 -3.360084
3.106191 -3.359415
3.106531 -3.347921
3.106871 -3.331047
3.107210 -3.337817
3.107549 -3.334219
3.107888 -3.329236
3.108227 -3.326351
3.108565 -3.324269
3.108903 -3.322321
3.109241 -3.324132
3.109579 -3.331865
3.109916 -3.385194
3.110253 -3.388452
3.110590 -3.397196
3.110926 -3.414492
3.111263 -3.406694
3.111599 -3.407968
3.111934 -3.397788
3.112270 -3.355178
3.112605 -3.359115
3.112940 -3.365513
3.113275 -3.344301
3.113609 -3.342169
3.113943 -3.336679
3.114277 -3.333540
3.114611 -3.338059
3.114944 -3.342012
3.115278 -3.329456
3.115611 -3.330122
3.115943 -3.330787
3.116276 -3.372656
3.116608 -3.383487
3.116940 -3.399121
3.117271 -3.412045
3.117603 -3.421162
3.117934 -3.406362
3.118265 -3.405116
3.118595 -3.406175
3.118926 -3.389718
3.119256 -3.387656
3.119586 -3.357530
3.119915 -3.357266
3.120245 -3.357110
3.120574 -3.351503
3.120903 -3.347390
3.121231 -3.343119
3.121560 -3.342577
3.121888 -3.336670
3.122216 -3.337326
3.122544 -3.337981
3.122871 -3.344735
3.123198 -3.393979
3.123525 -3.396358
3.123852 -3.391409
3.124178 -3.402439
3.124504 -3.409139
3.124830 -3.417935
3.125156 -3.425727
3.125481 -3.394735
3.125806 -3.394442
3.126131 -3.387683
3.126456 -3.358972
3.126781 -3.358364
3.127105 -3.353099
3.127429 -3.345762
3.127753 -3.350533
3.128076 -3.359931
3.128399 -3.356522
3.128722 -3.352848
3.129045 -3.352713
3.129368 -3.350160
3.129690 -3.358117
3.130012 -3.396122
3.130334 -3.396931
3.130655 -3.407781
3.130977 -3.416872
3.131298 -3.445801
3.131619 -3.446259
3.131939 -3.447949
3.132260 -3.419576
3.132580 -3.418667
3.132900 -3.400837
3.133219 -3.383249
3.133539 -3.372076
3.133858 -3.367542
3.134177 -3.354869
3.134496 -3.359647
3.134814 -3.358809
3.135133 -3.355825
3.135451 -3.347876
3.135769 -3.346937
3.136086 -3.343978
3.136403 -3.344526
3.136721 -3.348303
3.137037 -3.396752
3.137354 -3.404222
3.137671 -3.399498
3.137987 -3.407106
3.138303 -3.420242
3.138618 -3.429456
3.138934 -3.417000
3.139249 -3.401703
3.139564 -3.402878
3.139879 -3.381597
3.140194 -3.378602
3.140508 -3.378562
3.140822 -3.359898
3.141136 -3.344984
3.141450 -3.347781
3.141763 -3.345364
3.142076 -3.337210
3.142389 -3.323955
3.142702 -3.327086
3.143015 -3.328313
3.143327 -3.333641
3.143639 -3.340069
3.143951 -3.387863
3.144263 -3.390035
3.144574 -3.389860
3.144885 -3.391635
3.145196 -3.405770
3.145507 -3.404671
3.145818 -3.398156
3.146128 -3.381942
3.146438 -3.392502
3.146748 -3.361464
3.147058 -3.369567
3.147367 -3.367781
3.147676 -3.363203
3.147985 -3.352706
3.148294 -3.347836
3.148603 -3.339939
3.148911 -3.340944
3.149219 -3.344448
3.149527 -3.344323
3.149835 -3.342153
3.150142 -3.342462
3.150449 -3.340739
3.150756 -3.339563
3.151063 -3.381638
3.151370 -3.379011
3.151676 -3.381088
3.151982 -3.389360
3.152288 -3.400405
3.152594 -3.406224
3.152900 -3.396828
3.153205 -3.383016
3.153510 -3.390058
3.153815 -3.359162
3.154120 -3.374189
3.154424 -3.371790
3.154728 -3.360442
3.155032 -3.352164
3.155336 -3.352772
3.155640 -3.357281
3.155943 -3.362484
3.156246 -3.361343
3.156549 -3.352728
3.156852 -3.352076
3.157154 -3.352161
3.157457 -3.348548
3.157759 -3.349951
3.158061 -3.351398
3.158362 -3.402145
3.158664 -3.405344
3.158965 -3.411090
3.159266 -3.414626
3.159567 -3.434356
3.159868 -3.445895
3.160168 -3.420361
3.160469 -3.419479
3.160769 -3.412885
3.161068 -3.380618
3.161368 -3.381485
3.161667 -3.388182
3.161967 -3.389503
3.162266 -3.380779
3.162564 -3.389088
3.162863 -3.401054
3.163161 -3.393010
3.163460 -3.391044
3.163758 -3.383934
3.164055 -3.367455
3.164353 -3.368050
3.164650 -3.368645
3.164947 -3.374720
3.165244 -3.378919
3.165541 -3.380013
3.165838 -3.428342
3.166134 -3.431408
3.166430 -3.434554
3.166726 -3.444561
3.167022 -3.459126
3.167317 -3.455264
3.167613 -3.435342
3.167908 -3.431087
3.168203 -3.424283
3.168497 -3.397812
3.168792 -3.403196
3.169086 -3.404305
3.169380 -3.412063
3.169674 -3.414087
3.169968 -3.412618
3.170262 -3.409211
3.170555 -3.413097
3.170848 -3.414062
3.171141 -3.412286
3.171434 -3.409198
3.171726 -3.407919
3.172019 -3.399180
3.172311 -3.399764
3.172603 -3.400378
3.172895 -3.396253
3.173186 -3.403476
3.173478 -3.450739
3.173769 -3.448952
3.174060 -3.454235
3.174351 -3.458431
3.174641 -3.464483
3.174932 -3.441994
3.175222 -3.442574
3.175512 -3.438128
3.175802 -3.413673
3.176091 -3.420291
3.176381 -3.428343
3.176670 -3.420642
3.176959 -3.406145
3.177248 -3.403430
3.177536 -3.404007
3.177825 -3.411844
3.178113 -3.417408
3.178401 -3.418359
3.178689 -3.416969
3.178977 -3.411055
3.179264 -3.411630
3.179552 -3.412204
3.179839 -3.410942
3.180126 -3.403886
3.180413 -3.395784
3.180699 -3.394859
3.180986 -3.427929
3.181272 -3.444528
3.181558 -3.447483
3.181844 -3.452844
3.182129 -3.450857
3.182415 -3.455823
3.182700 -3.452445
3.182985 -3.460779
3.183270 -3.422137
3.183555 -3.422237
3.183839 -3.422446
3.184123 -3.425823
3.184407 -3.424005
3.184691 -3.414897
3.184975 -3.419263
3.185259 -3.416032
3.185542 -3.422053
3.185825 -3.424375
3.186108 -3.432114
3.186391 -3.433693
3.186674 -3.429839
3.186956 -3.430404
3.187239 -3.427855
3.187521 -3.426926
3.187803 -3.422699
3.188084 -3.408593
3.188366 -3.400580
3.188647 -3.398978
3.188928 -3.451713
3.189209 -3.452275
3.189490 -3.458131
3.189771 -3.467330
3.190051 -3.447877
3.190332 -3.453842
3.190612 -3.458316
3.190892 -3.443799
3.191171 -3.417083
3.191451 -3.418736
3.191730 -3.409903
3.192010 -3.415855
3.192289 -3.406237
3.192567 -3.406794
3.192846 -3.407352
3.193125 -3.407909
3.193403 -3.412549
3.193681 -3.413105
3.193959 -3.412770
3.194237 -3.407549
3.194514 -3.409086
3.194792 -3.405625
3.195069 -3.406179
3.195346 -3.406733
3.195623 -3.401913
3.195900 -3.404020
3.196176 -3.408408
3.196453 -3.407452
3.196729 -3.414762
3.197005 -3.455688
3.197281 -3.456239
3.197556 -3.462656
3.197832 -3.432806
3.198107 -3.433481
3.198382 -3.453709
3.198657 -3.455380
3.198932 -3.428082
3.199206 -3.424681
3.199481 -3.423313
3.199755 -3.423967
3.200029 -3.418397
3.200303 -3.420492
3.200577 -3.421890
3.200850 -3.422437
3.201124 -3.422984
3.201397 -3.425567
3.201670 -3.424495
3.201943 -3.417747
3.202216 -3.414604
3.202488 -3.412098
3.202761 -3.412643
3.203033 -3.413955
3.203305 -3.423687
3.203577 -3.419459
3.203848 -3.420121
3.204120 -3.427026
3.204391 -3.426090
3.204663 -3.426301
3.204934 -3.478664
3.205204 -3.478748
3.205475 -3.473817
3.205746 -3.433372
3.206016 -3.416909
3.206286 -3.463638
3.206556 -3.467414
3.206826 -3.430793
3.207096 -3.429514
3.207365 -3.429828
3.207634 -3.422863
3.207904 -3.429334
3.208173 -3.423807
3.208441 -3.422757
3.208710 -3.422825
3.208979 -3.420586
3.209247 -3.416055
3.209515 -3.420582
3.209783 -3.421118
3.210051 -3.420783
3.210319 -3.417680
3.210586 -3.413837
3.210853 -3.408487
3.211121 -3.413413
3.211388 -3.419128
3.211654 -3.422723
3.211921 -3.430536
3.212188 -3.432642
3.212454 -3.433174
3.212720 -3.430895
3.212986 -3.431427
3.213252 -3.487598
3.213518 -3.488129
3.213783 -3.474523
3.214049 -3.423007
3.214314 -3.427645
3.214579 -3.472082
3.214844 -3.443800
3.215109 -3.444330
3.215373 -3.445498
3.215638 -3.440593
3.215902 -3.439021
3.216166 -3.435704
3.216430 -3.433717
3.216694 -3.434245
3.216957 -3.434772
3.217221 -3.434400
3.217484 -3.434044
3.217747 -3.438644
3.218010 -3.433269
3.218273 -3.434152
3.218536 -3.437367
3.218798 -3.441322
3.219060 -3.439707
3.219323 -3.440081
3.219585 -3.434340
3.219846 -3.434242
3.220108 -3.434765
3.220370 -3.436177
3.220631 -3.437827
3.220892 -3.443205
3.221153 -3.440584
3.221414 -3.441106
3.221675 -3.498727
3.221936 -3.497821
3.222196 -3.454999
3.222456 -3.432406
3.222716 -3.445848
3.222976 -3.478030
3.223236 -3.447999
3.223496 -3.447467
3.223755 -3.439127
3.224015 -3.433911
3.224274 -3.434429
3.224533 -3.429116
3.224792 -3.435335
3.225051 -3.435852
3.225309 -3.430356
3.225568 -3.430873
3.225826 -3.429996
3.226084 -3.434971
3.226342 -3.445443
3.226600 -3.449162
3.226858 -3.448110
3.227115 -3.445791
3.227372 -3.447174
3.227630 -3.447613
3.227887 -3.441338
3.228144 -3.442737
3.228400 -3.442366
3.228657 -3.442879
3.228913 -3.443392
3.229170 -3.443904
3.229426 -3.441654
3.229682 -3.444870
3.229938 -3.450466
3.230193 -3.486591
3.230449 -3.494530
3.230704 -3.462580
3.230960 -3.443902
3.231215 -3.450967
3.231470 -3.459203
3.231724 -3.462441
3.231979 -3.468258
3.232234 -3.462548
3.232488 -3.452283
3.232742 -3.446733
3.232996 -3.437938
3.233250 -3.443977
3.233504 -3.448123
3.233757 -3.453198
3.234011 -3.458170
3.234264 -3.461781
3.234517 -3.461738
3.234770 -3.465551
3.235023 -3.465596
3.235276 -3.467054
3.235528 -3.465533
3.235781 -3.459653
3.236033 -3.460157
3.236285 -3.455084
3.236537 -3.456303
3.236789 -3.452235
3.237041 -3.444793
3.237292 -3.446167
3.237544 -3.446539
3.237795 -3.439554
3.238046 -3.437381
3.238297 -3.434829
3.238548 -3.431669
3.238799 -3.430664
3.239049 -3.462134
3.239299 -3.427799
3.239550 -3.414917
3.239800 -3.420017
3.240050 -3.425303
3.240300 -3.409739
3.240549 -3.434515
3.240799 -3.439291
3.241048 -3.434196
3.241297 -3.434694
3.241546 -3.425071
3.241795 -3.423763
3.242044 -3.432148
3.242293 -3.435795
3.242541 -3.435869
3.242790 -3.435520
3.243038 -3.438727
3.243286 -3.436513
3.243534 -3.445292
3.243782 -3.447585
3.244030 -3.448080
3.244277 -3.447424
3.244525 -3.441615
3.244772 -3.439541
3.245019 -3.437369
3.245266 -3.437863
3.245513 -3.438356
3.245759 -3.438850
3.246006 -3.440155
3.246252 -3.440452
3.246499 -3.438792
3.246745 -3.433194
3.246991 -3.428901
3.247237 -3.429393
3.247482 -3.429885
3.247728 -3.431792
3.247973 -3.434175
3.248219 -3.409763
3.248464 -3.411797
3.248709 -3.421494
3.248954 -3.397921
3.249198 -3.421435
3.249443 -3.452682
3.249687 -3.458203
3.249932 -3.463562
3.250176 -3.454495
3.250420 -3.454983
3.250664 -3.454170
3.250908 -3.459300
3.251151 -3.456735
3.251395 -3.455026
3.251638 -3.455513
3.251881 -3.456000
3.252125 -3.456947
3.252368 -3.457433
3.252610 -3.461918
3.252853 -3.472031
3.253096 -3.472531
3.253338 -3.464555
3.253580 -3.455624
3.253822 -3.456108
3.254064 -3.455337
3.254306 -3.453831
3.254548 -3.455394
3.254790 -3.450397
3.255031 -3.448081
3.255273 -3.448955
3.255514 -3.452673
3.255755 -3.440884
3.255996 -3.441366
3.256237 -3.441847
3.256477 -3.442329
3.256718 -3.432405
3.256958 -3.395525
3.257198 -3.426071
3.257439 -3.426552
3.257679 -3.429392
3.257918 -3.402276
3.258158 -3.416979
3.258398 -3.441901
3.258637 -3.468750
3.258877 -3.475874
3.259116 -3.466131
3.259355 -3.466609
3.259594 -3.468616
3.259833 -3.470233
3.260071 -3.476274
3.260310 -3.480411
3.260548 -3.485408
3.260787 -3.481245
3.261025 -3.475655
3.261263 -3.476131
3.261501 -3.476607
3.261739 -3.481167
3.261976 -3.481642
3.262214 -3.481226
3.262451 -3.479009
3.262688 -3.466411
3.262925 -3.461595
3.263162 -3.463826
3.263399 -3.465010
3.263636 -3.455237
3.263873 -3.455710
3.264109 -3.456183
3.264346 -3.456655
3.264582 -3.457128
3.264818 -3.457218
3.265054 -3.457690
3.265290 -3.458162
3.265525 -3.458633
3.265761 -3.459104
3.265996 -3.433431
3.266232 -3.383057
3.266467 -3.453685
3.266702 -3.453599
3.266937 -3.443699
3.267172 -3.421045
3.267406 -3.431077
3.267641 -3.443671
3.267875 -3.478292
3.268110 -3.485470
3.268344 -3.475731
3.268578 -3.485249
3.268812 -3.487276
3.269046 -3.488458
3.269279 -3.490747
3.269513 -3.499096
3.269746 -3.500921
3.269980 -3.501892
3.270213 -3.497671
3.270446 -3.496369
3.270679 -3.491814
3.270912 -3.485404
3.271144 -3.483529
3.271377 -3.481971
3.271609 -3.479786
3.271842 -3.467433
3.272074 -3.466614
3.272306 -3.463177
3.272538 -3.462767
3.272770 -3.463230
3.273001 -3.463694
3.273233 -3.464157
3.273464 -3.465466
3.273696 -3.465929
3.273927 -3.466787
3.274158 -3.464600
3.274389 -3.469381
3.274620 -3.474062
3.274850 -3.477254
3.275081 -3.476707
3.275311 -3.451495
3.275542 -3.408778
3.275772 -3.389916
3.276002 -3.454452
3.276232 -3.451241
3.276462 -3.415841
3.276692 -3.426162
3.276921 -3.431991
3.277151 -3.431255
3.277380 -3.482630
3.277609 -3.479641
3.277838 -3.480099
3.278067 -3.480557
3.278296 -3.485806
3.278525 -3.487249
3.278754 -3.489829
3.278982 -3.502974
3.279211 -3.507971
3.279439 -3.506793
3.279667 -3.500772
3.279895 -3.501228
3.280123 -3.495125
3.280351 -3.495581
3.280578 -3.500183
3.280806 -3.502271
3.281033 -3.493046
3.281261 -3.483770
3.281488 -3.477724
3.281715 -3.478178
3.281942 -3.481597
3.282169 -3.479086
3.282396 -3.481026
3.282622 -3.482297
3.282849 -3.482750
3.283075 -3.489141
3.283301 -3.495630
3.283527 -3.504273
3.283753 -3.503704
3.283979 -3.503706
3.284205 -3.502617
3.284431 -3.506395
3.284656 -3.508928
3.284882 -3.478219
3.285107 -3.426334
3.285332 -3.422095
3.285557 -3.425057
3.285782 -3.488588
3.286007 -3.450989
3.286232 -3.451439
3.286456 -3.459969
3.286681 -3.461330
3.286905 -3.467657
3.287130 -3.511192
3.287354 -3.519065
3.287578 -3.520737
3.287802 -3.520710
3.288026 -3.512068
3.288249 -3.506087
3.288473 -3.500789
3.288696 -3.506895
3.288920 -3.509730
3.289143 -3.510176
3.289366 -3.518775
3.289589 -3.522243
3.289812 -3.527064
3.290035 -3.534699
3.290257 -3.540511
3.290480 -3.538280
3.290702 -3.531934
3.290925 -3.532568
3.291147 -3.532064
3.291369 -3.527095
3.291591 -3.520900
3.291813 -3.524457
3.292034 -3.531069
3.292256 -3.533148
3.292478 -3.533024
3.292699 -3.533200
3.292920 -3.531932
3.293141 -3.532813
3.293363 -3.530319
3.293584 -3.530761
3.293804 -3.531202
3.294025 -3.531644
3.294246 -3.532085
3.294466 -3.532526
3.294687 -3.474205
3.294907 -3.440432
3.295127 -3.440872
3.295347 -3.442634
3.295567 -3.443528
3.295787 -3.471646
3.296007 -3.470581
3.296226 -3.468601
3.296446 -3.468894
3.296665 -3.481616
3.296884 -3.482096
3.297104 -3.519607
3.297323 -3.525566
3.297542 -3.528046
3.297761 -3.528484
3.297979 -3.528921
3.298198 -3.529359
3.298416 -3.529796
3.298635 -3.534753
3.298853 -3.541440
3.299071 -3.541876
3.299289 -3.544032
3.299507 -3.545683
3.299725 -3.544904
3.299943 -3.543953
3.300161 -3.552093
3.300378 -3.552253
3.300595 -3.552687
3.300813 -3.560055
3.301030 -3.567184
3.301247 -3.563265
3.301464 -3.563005
3.301681 -3.562944
3.301898 -3.562389
3.302114 -3.559627
3.302331 -3.553110
3.302547 -3.551875
3.302764 -3.552308
3.302980 -3.552740
3.303196 -3.553173
3.303412 -3.550605
3.303628 -3.551037
3.303844 -3.551469
3.304059 -3.551900
3.304275 -3.552331
3.304491 -3.540906
3.304706 -3.493263
3.304921 -3.458871
3.305136 -3.459301
3.305351 -3.458353
3.305566 -3.447315
3.305781 -3.419113
3.305996 -3.473971
3.306211 -3.471973
3.306425 -3.461428
3.306639 -3.470923
3.306854 -3.471351
3.307068 -3.473621
3.307282 -3.521090
3.307496 -3.529004
3.307710 -3.536924
3.307924 -3.538975
3.308137 -3.540301
3.308351 -3.540728
3.308564 -3.541155
3.308778 -3.544383
3.308991 -3.549883
3.309204 -3.555075
3.309417 -3.551210
3.309630 -3.551636
3.309843 -3.559430
3.310056 -3.561629
3.310268 -3.561344
3.310481 -3.561705
3.310693 -3.562484
3.310906 -3.561845
3.311118 -3.569558
3.311330 -3.569344
3.311542 -3.565669
3.311754 -3.566093
3.311966 -3.566516
3.312177 -3.566940
3.312389 -3.567104
3.312600 -3.566912
3.312812 -3.564725
3.313023 -3.562154
3.313234 -3.558370
3.313445 -3.552175
3.313656 -3.549682
3.313867 -3.550104
3.314078 -3.551454
3.314289 -3.551178
3.314499 -3.547000
3.314710 -3.536005
3.314920 -3.479759
3.315130 -3.442708
3.315340 -3.443128
3.315551 -3.442911
3.315760 -3.435422
3.315970 -3.401230
3.316180 -3.401405
3.316390 -3.455398
3.316599 -3.473205
3.316809 -3.466434
3.317018 -3.470361
3.317227 -3.464083
3.317436 -3.478474
3.317646 -3.497323
3.317854 -3.534281
3.318063 -3.542087
3.318272 -3.542504
3.318481 -3.542922
3.318689 -3.546146
3.318898 -3.547237
3.319106 -3.547653
3.319314 -3.549544
3.319522 -3.561999
3.319730 -3.565335
3.319938 -3.565082
3.320146 -3.565022
3.320354 -3.567044
3.320562 -3.559000
3.320769 -3.559415
3.320977 -3.566778
3.321184 -3.567256
3.321391 -3.567670
3.321598 -3.567831
3.321805 -3.565081
3.322012 -3.560622
3.322219 -3.561862
3.322426 -3.569835
3.322633 -3.573358
3.322839 -3.573771
3.323046 -3.574184
3.323252 -3.574596
3.323458 -3.575009
3.323665 -3.575421
3.323871 -3.573599
3.324077 -3.561786
3.324282 -3.560625
3.324488 -3.551993
3.324694 -3.548822
3.324899 -3.546075
3.325105 -3.546486
3.325310 -3.515188
3.325516 -3.477240
3.325721 -3.453521
3.325926 -3.452502
3.326131 -3.451208
3.326336 -3.409416
3.326541 -3.409826
3.326745 -3.409266
3.326950 -3.409807
3.327155 -3.467770
3.327359 -3.472421
3.327563 -3.460757
3.327767 -3.465842
3.327972 -3.472734
3.328176 -3.486184
3.328380 -3.504842
3.328583 -3.543005
3.328787 -3.556550
3.328991 -3.561261
3.329194 -3.562163
3.329398 -3.562230
3.329601 -3.562636
3.329805 -3.561993
3.330008 -3.563944
3.330211 -3.571998
3.330414 -3.573571
3.330617 -3.572464
3.330819 -3.572869
3.331022 -3.564922
3.331225 -3.565327
3.331427 -3.565732
3.331630 -3.567281
3.331832 -3.571572
3.332034 -3.571976
3.332236 -3.573162
3.332438 -3.572254
3.332640 -3.566895
3.332842 -3.567299
3.333044 -3.567702
3.333246 -3.568122
3.333447 -3.556933
3.333649 -3.557336
3.333850 -3.562122
3.334051 -3.561195
3.334253 -3.566377
3.334454 -3.567467
3.334655 -3.567869
3.334856 -3.565342
3.335057 -3.565744
3.335257 -3.566083
3.335458 -3.564672
3.335658 -3.565073
3.335859 -3.565243
3.336059 -3.519338
3.336260 -3.473982
3.336460 -3.468832
3.336660 -3.469775
3.336860 -3.465554
3.337060 -3.425440
3.337260 -3.425839
3.337459 -3.426239
3.337659 -3.424284
3.337858 -3.417565
3.338058 -3.432724
3.338257 -3.490581
3.338456 -3.482583
3.338656 -3.489363
3.338855 -3.502443
3.339054 -3.503395
3.339253 -3.515596
3.339451 -3.550542
3.339650 -3.570775
3.339849 -3.582797
3.340047 -3.579170
3.340246 -3.579567
3.340444 -3.581594
3.340642 -3.582886
3.340841 -3.583283
3.341039 -3.588267
3.341237 -3.593815
3.341435 -3.595404
3.341632 -3.595799
3.341830 -3.587629
3.342028 -3.588785
3.342225 -3.589370
3.342423 -3.588814
3.342620 -3.589811
3.342817 -3.584808
3.343014 -3.585202
3.343212 -3.584615
3.343409 -3.583860
3.343606 -3.576794
3.343802 -3.572527
3.343999 -3.572921
3.344196 -3.573314
3.344392 -3.573707
3.344589 -3.574100
3.344785 -3.574493
3.344981 -3.574885
3.345178 -3.575278
3.345374 -3.575670
3.345570 -3.576806
3.345766 -3.582588
3.345962 -3.578631
3.346157 -3.579771
3.346353 -3.580162
3.346549 -3.580553
3.346744 -3.581443
3.346939 -3.557555
3.347135 -3.520256
3.347330 -3.488323
3.347525 -3.488713
3.347720 -3.489103
3.347915 -3.479436
3.348110 -3.437459
3.348305 -3.437949
3.348500 -3.441759
3.348694 -3.443092
3.348889 -3.438360
3.349083 -3.437639
3.349278 -3.434000
3.349472 -3.500951
3.349666 -3.501134
3.349860 -3.498208
3.350054 -3.502910
3.350248 -3.509655
3.350442 -3.524307
3.350636 -3.543525
3.350829 -3.579830
3.351023 -3.587759
3.351216 -3.588146
3.351410 -3.588533
3.351603 -3.589572
3.351796 -3.589959
3.351989 -3.590345
3.352183 -3.591696
3.352375 -3.598013
3.352568 -3.592129
3.352761 -3.584053
3.352954 -3.584438
3.353147 -3.583027
3.353339 -3.583412
3.353532 -3.582541
3.353724 -3.578368
3.353916 -3.581372
3.354108 -3.584144
3.354301 -3.584528
3.354493 -3.585783
3.354685 -3.585047
3.354876 -3.579415
3.355068 -3.579799
3.355260 -3.580182
3.355452 -3.580565
3.355643 -3.584888
3.355834 -3.581331
3.356026 -3.581714
3.356217 -3.582097
3.356408 -3.583399
3.356599 -3.583781
3.356790 -3.585516
3.356981 -3.585575
3.357172 -3.582478
3.357363 -3.586400
3.357554 -3.587274
3.357744 -3.588720
3.357935 -3.589920
3.358125 -3.597793
3.358316 -3.567526
3.358506 -3.528147
3.358696 -3.511412
3.358886 -3.514814
3.359076 -3.518185
3.359266 -3.507383
3.359456 -3.471403
3.359646 -3.471432
3.359835 -3.471111
3.360025 -3.470011
3.360215 -3.460764
3.360404 -3.455785
3.360593 -3.441778
3.360783 -3.442156
3.360972 -3.496164
3.361161 -3.516934
3.361350 -3.517312
3.361539 -3.522068
3.361728 -3.531031
3.361917 -3.527759
3.362105 -3.540531
3.362294 -3.570117
3.362482 -3.597363
3.362671 -3.585398
3.362859 -3.585775
3.363048 -3.586152
3.363236 -3.586528
3.363424 -3.583330
3.363612 -3.583706
3.363800 -3.583818
3.363988 -3.577058
3.364176 -3.577074
3.364363 -3.572809
3.364551 -3.573184
3.364739 -3.573559
3.364926 -3.573934
3.365113 -3.574309
3.365301 -3.574684
3.365488 -3.576155
3.365675 -3.580253
3.365862 -3.580627
3.366049 -3.581810
3.366236 -3.581136
3.366423 -3.578529
3.366610 -3.576090
3.366796 -3.577172
3.366983 -3.577649
3.367169 -3.571683
3.367356 -3.572056
3.367542 -3.572429
3.367729 -3.572801
3.367915 -3.573173
3.368101 -3.572266
3.368287 -3.572638
3.368473 -3.573475
3.368659 -3.571122
3.368845 -3.571493
3.369030 -3.571865
3.369216 -3.576680
3.369401 -3.581393
3.369587 -3.584575
3.369772 -3.565644
3.369958 -3.528843
3.370143 -3.496011
3.370328 -3.495658
3.370513 -3.496028
3.370698 -3.502869
3.370883 -3.486149
3.371068 -3.463435
3.371253 -3.463804
3.371437 -3.462460
3.371622 -3.459796
3.371806 -3.453076
3.371991 -3.454618
3.372175 -3.442661
3.372360 -3.441183
3.372544 -3.441551
3.372728 -3.446174
3.372912 -3.491279
3.373096 -3.494581
3.373280 -3.494949
3.373464 -3.499448
3.373647 -3.505901
3.373831 -3.512764
3.374015 -3.518858
3.374198 -3.548970
3.374382 -3.568723
3.374565 -3.575150
3.374748 -3.575517
3.374932 -3.575883
3.375115 -3.576861
3.375298 -3.577227
3.375481 -3.577593
3.375664 -3.570363
3.375846 -3.576580
3.376029 -3.580880
3.376212 -3.581246
3.376394 -3.581611
3.376577 -3.581976
3.376759 -3.582341
3.376942 -3.582706
3.377124 -3.584787
3.377306 -3.585210
3.377488 -3.590364
3.377670 -3.590728
3.377852 -3.591092
3.378034 -3.590728
3.378216 -3.589521
3.378398 -3.580871
3.378580 -3.581234
3.378761 -3.579661
3.378943 -3.577982
3.379124 -3.577284
3.379306 -3.577647
3.379487 -3.575810
3.379668 -3.569839
3.379849 -3.573526
3.380030 -3.574568
3.380211 -3.581985
3.380392 -3.583847
3.380573 -3.580984
3.380754 -3.581346
3.380934 -3.581019
3.381115 -3.580779
3.381296 -3.581141
3.381476 -3.581501
3.381656 -3.571185
3.381837 -3.524293
3.382017 -3.496411
3.382197 -3.491573
3.382377 -3.493395
3.382557 -3.493918
3.382737 -3.481219
3.382917 -3.449607
3.383097 -3.449966
3.383277 -3.439407
3.383456 -3.437549
3.383636 -3.433291
3.383815 -3.433288
3.383995 -3.434091
3.384174 -3.419373
3.384353 -3.414616
3.384533 -3.412829
3.384712 -3.408917
3.384891 -3.404367
3.385070 -3.428262
3.385249 -3.465034
3.385428 -3.465391
3.385606 -3.464428
3.385785 -3.461654
3.385964 -3.459162
3.386142 -3.466292
3.386321 -3.468148
3.386499 -3.512190
3.386677 -3.514482
3.386856 -3.520893
3.387034 -3.521249
3.387212 -3.513372
3.387390 -3.513728
3.387568 -3.506915
3.387746 -3.507271
3.387923 -3.509143
3.388101 -3.513688
3.388279 -3.517341
3.388456 -3.517697
3.388634 -3.518052
3.388811 -3.518406
3.388989 -3.520087
3.389166 -3.522068
3.389343 -3.518490
3.389520 -3.515226
3.389698 -3.519529
3.389875 -3.519883
3.390051 -3.520237
3.390228 -3.520126
3.390405 -3.519673
3.390582 -3.514206
3.390759 -3.513573
3.390935 -3.517619
3.391112 -3.521575
3.391288 -3.522123
3.391464 -3.522867
3.391641 -3.522951
3.391817 -3.522936
3.391993 -3.522556
3.392169 -3.522908
3.392345 -3.524690
3.392521 -3.525091
3.392697 -3.525442
3.392873 -3.523499
3.393048 -3.523850
3.393224 -3.524202
3.393400 -3.523082
3.393575 -3.523433
3.393751 -3.519509
3.393926 -3.504189
3.394101 -3.464986
3.394277 -3.436272
3.394452 -3.427636
3.394627 -3.426120
3.394802 -3.426470
3.394977 -3.416347
3.395152 -3.389159
3.395326 -3.389509
3.395501 -3.389313
3.395676 -3.385611
3.395850 -3.379747
3.396025 -3.379383
3.396199 -3.376069
3.396374 -3.363348
3.396548 -3.361999
3.396722 -3.358922
3.396896 -3.360634
3.397071 -3.360619
3.397245 -3.360841
3.397419 -3.359407
3.397592 -3.365581
3.397766 -3.416079
3.397940 -3.416426
3.398114 -3.416774
3.398287 -3.420358
3.398461 -3.425460
3.398634 -3.425807
3.398808 -3.436758
3.398981 -3.453068
3.399154 -3.475214
3.399328 -3.473782
3.399501 -3.474128
3.399674 -3.471327
3.399847 -3.468911
3.400020 -3.469257
3.400192 -3.469602
3.400365 -3.469948
3.400538 -3.471683
3.400711 -3.475705
3.400883 -3.478976
3.401056 -3.479321
3.401228 -3.479666
3.401401 -3.480010
3.401573 -3.480355
3.401745 -3.480699
3.401917 -3.481044
3.402089 -3.484223
3.402261 -3.488458
3.402433 -3.493375
3.402605 -3.494724
3.402777 -3.495694
3.402949 -3.494986
3.403121 -3.494481
3.403292 -3.492401
3.403464 -3.493032
3.403635 -3.493486
3.403807 -3.493829
3.403978 -3.494172
3.404149 -3.494825
3.404320 -3.495523
3.404492 -3.495199
3.404663 -3.496407
3.404834 -3.496994
3.405005 -3.486111
3.405176 -3.487322
3.405346 -3.485571
3.405517 -3.485913
3.405688 -3.486899
3.405858 -3.488643
3.406029 -3.489141
3.406199 -3.487611
3.406370 -3.487263
3.406540 -3.470141
3.406710 -3.444481
3.406881 -3.421038
3.407051 -3.419415
3.407221 -3.419065
3.407391 -3.417672
3.407561 -3.410208
3.407731 -3.384197
3.407901 -3.384536
3.408070 -3.385851
3.408240 -3.384424
3.408410 -3.379175
3.408579 -3.379514
3.408749 -3.379853
3.408918 -3.370698
3.409087 -3.370023
3.409257 -3.370362
3.409426 -3.370700
3.409595 -3.371039
3.409764 -3.371377
3.409933 -3.371715
3.410102 -3.372053
3.410271 -3.372390
3.410440 -3.372728
3.410609 -3.384611
3.410777 -3.434322
3.410946 -3.436540
3.411114 -3.436877
3.411283 -3.440494
3.411451 -3.445649
3.411620 -3.452215
3.411788 -3.457071
3.411956 -3.476623
3.412124 -3.499237
3.412293 -3.498442
3.412461 -3.499310
3.412629 -3.499646
3.412796 -3.497460
3.412964 -3.491696
3.413132 -3.488049
3.413300 -3.488384
3.413467 -3.489431
3.413635 -3.494170
3.413803 -3.499417
3.413970 -3.503472
3.414137 -3.505680
3.414305 -3.506484
3.414472 -3.506349
3.414639 -3.506348
3.414806 -3.506482
3.414973 -3.506348
3.415140 -3.506682
3.415307 -3.510641
3.415474 -3.511334
3.415641 -3.511668
3.415808 -3.512002
3.415974 -3.512155
3.416141 -3.508594
3.416308 -3.496728
3.416474 -3.497061
3.416641 -3.497394
3.416807 -3.497727
3.416973 -3.498059
3.417139 -3.498392
3.417306 -3.498724
3.417472 -3.499056
3.417638 -3.498865
3.417804 -3.498653
3.417970 -3.499919
3.418135 -3.501365
3.418301 -3.500159
3.418467 -3.496447
3.418633 -3.496779
3.418798 -3.496325
3.418964 -3.494459
3.419129 -3.494069
3.419295 -3.494399
3.419460 -3.480441
3.419625 -3.453015
3.419791 -3.441994
3.419956 -3.428465
3.420121 -3.428795
3.420286 -3.429125
3.420451 -3.426230
3.420616 -3.395442
3.420781 -3.395771
3.420945 -3.396101
3.421110 -3.396430
3.421275 -3.395448
3.421439 -3.390049
3.421604 -3.390047
3.421768 -3.390376
3.421933 -3.381289
3.422097 -3.381618
3.422261 -3.381946
3.422426 -3.382275
3.422590 -3.382603
3.422754 -3.382931
3.422918 -3.383259
3.423082 -3.383587
3.423246 -3.383915
3.423410 -3.384243
3.423574 -3.384570
3.423737 -3.384898
3.423901 -3.391002
3.424065 -3.437769
3.424228 -3.441353
3.424392 -3.442361
3.424555 -3.443114
3.424718 -3.451415
3.424882 -3.452253
3.425045 -3.464926
3.425208 -3.468905
3.425371 -3.491640
3.425534 -3.504026
3.425697 -3.513387
3.425860 -3.517004
3.426023 -3.519210
3.426186 -3.520478
3.426349 -3.520332
3.426511 -3.520657
3.426674 -3.520444
3.426836 -3.521038
3.426999 -3.524583
3.427161 -3.525134
3.427324 -3.521430
3.427486 -3.521755
3.427648 -3.522079
3.427811 -3.522557
3.427973 -3.512432
3.428135 -3.513116
3.428297 -3.513846
3.428459 -3.514170
3.428621 -3.518161
3.428783 -3.518485
3.428944 -3.525752
3.429106 -3.527812
3.429268 -3.527301
3.429429 -3.526030
3.429591 -3.523456
3.429752 -3.523779
3.429914 -3.524102
3.430075 -3.524425
3.430236 -3.524748
3.430398 -3.523970
3.430559 -3.525253
3.430720 -3.525926
3.430881 -3.523772
3.431042 -3.522275
3.431203 -3.522597
3.431364 -3.524032
3.431525 -3.524354
3.431685 -3.522541
3.431846 -3.522863
3.432007 -3.523184
3.432167 -3.524231
3.432328 -3.524858
3.432488 -3.525179
3.432649 -3.525500
3.432809 -3.517324
3.432969 -3.494522
3.433130 -3.477103
3.433290 -3.457100
3.433450 -3.457421
3.433610 -3.457741
3.433770 -3.455113
3.433930 -3.445129
3.434090 -3.423617
3.434249 -3.423937
3.434409 -3.424256
3.434569 -3.422689
3.434729 -3.419208
3.434888 -3.417613
3.435048 -3.417932
3.435207 -3.408547
3.435367 -3.408866
3.435526 -3.409185
3.435685 -3.409503
3.435844 -3.409822
3.436004 -3.410140
3.436163 -3.410458
3.436322 -3.410776
3.436481 -3.411094
3.436640 -3.411412
3.436799 -3.411730
3.436957 -3.412048
3.437116 -3.412365
3.437275 -3.413094
3.437433 -3.413411
3.437592 -3.413651
3.437751 -3.422157
3.437909 -3.470525
3.438067 -3.473132
3.438226 -3.475711
3.438384 -3.479732
3.438542 -3.483725
3.438701 -3.476207
3.438859 -3.487257
3.439017 -3.487573
3.439175 -3.524944
3.439333 -3.530605
3.439491 -3.536728
3.439648 -3.541216
3.439806 -3.531088
3.439964 -3.533642
3.440122 -3.533958
3.440279 -3.534273
3.440437 -3.534588
3.440594 -3.535663
3.440752 -3.540079
3.440909 -3.543196
3.441066 -3.544848
3.441224 -3.545163
3.441381 -3.545477
3.441538 -3.547109
3.441695 -3.546364
3.441852 -3.544462
3.442009 -3.540272
3.442166 -3.539973
3.442323 -3.540726
3.442480 -3.542675
3.442637 -3.541077
3.442793 -3.541391
3.442950 -3.540926
3.443106 -3.538126
3.443263 -3.536153
3.443419 -3.534305
3.443576 -3.536711
3.443732 -3.537023
3.443889 -3.537952
3.444045 -3.535193
3.444201 -3.535505
3.444357 -3.535818
3.444513 -3.536810
3.444669 -3.538795
3.444825 -3.536754
3.444981 -3.537066
3.445137 -3.537377
3.445293 -3.537689
3.445449 -3.535875
3.445604 -3.536186
3.445760 -3.536497
3.445915 -3.536808
3.446071 -3.537119
3.446226 -3.537430
3.446382 -3.537741
3.446537 -3.538052
3.446692 -3.518519
3.446848 -3.493910
3.447003 -3.469692
3.447158 -3.470002
3.447313 -3.470312
3.447468 -3.470622
3.447623 -3.465941
3.447778 -3.435978
3.447933 -3.436288
3.448088 -3.436597
3.448242 -3.436907
3.448397 -3.435340
3.448552 -3.429966
3.448706 -3.430275
3.448861 -3.430584
3.449015 -3.421242
3.449170 -3.421551
3.449324 -3.421860
3.449478 -3.422168
3.449633 -3.422477
3.449787 -3.422785
3.449941 -3.423093
3.450095 -3.423402
3.450249 -3.423710
3.450403 -3.426633
3.450557 -3.426941
3.450711 -3.429794
3.450865 -3.431743
3.451018 -3.432224
3.451172 -3.432168
3.451326 -3.432475
3.451479 -3.432367
3.451633 -3.432311
3.451786 -3.432618
3.451940 -3.439081
3.452093 -3.474902
3.452247 -3.478611
3.452400 -3.471013
3.452553 -3.471320
3.452706 -3.474993
3.452859 -3.480252
3.453012 -3.486969
3.453165 -3.491933
3.453318 -3.506772
3.453471 -3.535783
3.453624 -3.536089
3.453777 -3.542234
3.453930 -3.542539
3.454082 -3.542845
3.454235 -3.544241
3.454387 -3.546050
3.454540 -3.546355
3.454692 -3.547072
3.454845 -3.548739
3.454997 -3.558711
3.455150 -3.563087
3.455302 -3.564363
3.455454 -3.564163
3.455606 -3.563626
3.455758 -3.561575
3.455910 -3.561879
3.456062 -3.562183
3.456214 -3.562487
3.456366 -3.562790
3.456518 -3.563094
3.456670 -3.567224
3.456821 -3.567528
3.456973 -3.568021
3.457125 -3.567541
3.457276 -3.562476
3.457428 -3.559980
3.457579 -3.556117
3.457731 -3.555730
3.457882 -3.556032
3.458033 -3.556335
3.458184 -3.556638
3.458336 -3.556940
3.458487 -3.557472
3.458638 -3.557705
3.458789 -3.558007
3.458940 -3.558309
3.459091 -3.560086
3.459242 -3.561682
3.459392 -3.563793
3.459543 -3.564095
3.459694 -3.567335
3.459845 -3.569536
3.459995 -3.569837
3.460146 -3.570138
3.460296 -3.569934
3.460447 -3.572849
3.460597 -3.573150
3.460748 -3.575084
3.460898 -3.557501
3.461048 -3.530937
3.461198 -3.509199
3.461348 -3.505050
3.461499 -3.505974
3.461649 -3.506274
3.461799 -3.503502
3.461948 -3.498492
3.462098 -3.470666
3.462248 -3.470966
3.462398 -3.471265
3.462548 -3.469605
3.462697 -3.469905
3.462847 -3.464269
3.462997 -3.464568
3.463146 -3.464867
3.463296 -3.455096
3.463445 -3.458123
3.463594 -3.460322
3.463744 -3.462709
3.463893 -3.463884
3.464042 -3.461343
3.464191 -3.460394
3.464340 -3.460424
3.464490 -3.460561
3.464639 -3.447418
3.464788 -3.450013
3.464936 -3.447227
3.465085 -3.447525
3.465234 -3.447822
3.465383 -3.448120
3.465532 -3.448417
3.465680 -3.448715
3.465829 -3.449548
3.465977 -3.452699
3.466126 -3.454547
3.466274 -3.455513
3.466423 -3.456118
3.466571 -3.456415
3.466719 -3.460842
3.466868 -3.510075
3.467016 -3.510658
3.467164 -3.512246
3.467312 -3.512912
3.467460 -3.516966
3.467608 -3.522520
3.467756 -3.531293
3.467904 -3.534876
3.468052 -3.550107
3.468200 -3.580971
3.468347 -3.581266
3.468495 -3.587044
3.468643 -3.586158
3.468790 -3.584152
3.468938 -3.583858
3.469085 -3.584153
3.469233 -3.584448
3.469380 -3.584742
3.469527 -3.585831
3.469675 -3.586896
3.469822 -3.591334
3.469969 -3.594927
3.470116 -3.595221
3.470263 -3.595515
3.470410 -3.595809
3.470557 -3.596103
3.470704 -3.605281
3.470851 -3.605575
3.470998 -3.608871
3.471145 -3.605900
3.471292 -3.607120
3.471438 -3.610559
3.471585 -3.610852
3.471732 -3.611145
3.471878 -3.612146
3.472025 -3.611529
3.472171 -3.611343
3.472318 -3.607220
3.472464 -3.607513
3.472610 -3.607805
3.472756 -3.606603
3.472903 -3.604811
3.473049 -3.599690
3.473195 -3.599982
3.473341 -3.600274
3.473487 -3.600567
3.473633 -3.600883
3.473779 -3.601175
3.473925 -3.601466
3.474071 -3.601758
3.474216 -3.602050
3.474362 -3.602341
3.474508 -3.600340
3.474653 -3.600631
3.474799 -3.600922
3.474944 -3.601213
3.475090 -3.601504
3.475235 -3.601795
3.475381 -3.602086
3.475526 -3.602376
3.475671 -3.581310
3.475816 -3.553362
3.475962 -3.528980
3.476107 -3.529270
3.476252 -3.529560
3.476397 -3.529851
3.476542 -3.526608
3.476687 -3.514135
3.476832 -3.496686
3.476976 -3.498999
3.477121 -3.500461
3.477266 -3.499588
3.477411 -3.499877
3.477555 -3.480115
3.477700 -3.481202
3.477844 -3.481534
3.477989 -3.471179
3.478133 -3.471468
3.478278 -3.471757
3.478422 -3.472045
3.478566 -3.472334
3.478711 -3.471880
3.478855 -3.471802
3.478999 -3.472090
3.479143 -3.472379
3.479287 -3.472667
3.479431 -3.472955
3.479575 -3.473243
3.479719 -3.473531
3.479863 -3.473818
3.480007 -3.474106
3.480151 -3.474394
3.480294 -3.474681
3.480438 -3.474968
3.480582 -3.475256
3.480725 -3.475543
3.480869 -3.475830
3.481012 -3.476117
3.481156 -3.476404
3.481299 -3.474591
3.481443 -3.467961
3.481586 -3.468084
3.481729 -3.468018
3.481872 -3.474443
3.482016 -3.511207
3.482159 -3.527562
3.482302 -3.529286
3.482445 -3.529901
3.482588 -3.533887
3.482731 -3.539625
3.482874 -3.539911
3.483016 -3.548687
3.483159 -3.552265
3.483302 -3.572370
3.483445 -3.599056
3.483587 -3.599341
3.483730 -3.605893
3.483872 -3.606179
3.484015 -3.606464
3.484157 -3.607505
3.484300 -3.607790
3.484442 -3.608074
3.484585 -3.608359
3.484727 -3.608643
3.484869 -3.611229
3.485011 -3.617295
3.485153 -3.619924
3.485295 -3.621912
3.485437 -3.618820
3.485579 -3.619104
3.485721 -3.619388
3.485863 -3.619672
3.486005 -3.623043
3.486147 -3.620239
3.486289 -3.620523
3.486430 -3.620806
3.486572 -3.624968
3.486714 -3.625528
3.486855 -3.625510
3.486997 -3.625793
3.487138 -3.633133
3.487280 -3.633237
3.487421 -3.633583
3.487563 -3.630660
3.487704 -3.630943
3.487845 -3.631225
3.487986 -3.631507
3.488127 -3.631790
3.488269 -3.632072
3.488410 -3.632354
3.488551 -3.632205
3.488692 -3.632234
3.488833 -3.631252
3.488974 -3.631118
3.489114 -3.629538
3.489255 -3.626381
3.489396 -3.624315
3.489537 -3.623310
3.489677 -3.621275
3.489818 -3.621557
3.489958 -3.621838
3.490099 -3.622119
3.490239 -3.622400
3.490380 -3.622681
3.490520 -3.624956
3.490661 -3.625237
3.490801 -3.619877
3.490941 -3.590929
3.491081 -3.567191
3.491222 -3.541799
3.491362 -3.542080
3.491502 -3.541622
3.491642 -3.541874
3.491782 -3.539124
3.491922 -3.528319
3.492062 -3.502013
3.492201 -3.501178
3.492341 -3.500944
3.492481 -3.501223
3.492621 -3.499492
3.492760 -3.493684
3.492900 -3.493143
3.493040 -3.492901
3.493179 -3.489088
3.493319 -3.482638
3.493458 -3.482917
3.493597 -3.483196
3.493737 -3.483475
3.493876 -3.483753
3.494015 -3.484032
3.494155 -3.484310
3.494294 -3.484589
3.494433 -3.484867
3.494572 -3.485145
3.494711 -3.485423
3.494850 -3.485701
3.494989 -3.485979
3.495128 -3.486257
3.495267 -3.485833
3.495406 -3.484429
3.495544 -3.484366
3.495683 -3.484461
3.495822 -3.482702
3.495960 -3.482979
3.496099 -3.483257
3.496238 -3.483534
3.496376 -3.483811
3.496515 -3.484088
3.496653 -3.476085
3.496791 -3.476361
3.496930 -3.476216
3.497068 -3.476836
3.497206 -3.477728
3.497344 -3.477969
3.497483 -3.478246
3.497621 -3.478522
3.497759 -3.491184
3.497897 -3.539328
3.498035 -3.538381
3.498173 -3.538656
3.498311 -3.538932
3.498448 -3.542714
3.498586 -3.548148
3.498724 -3.548424
3.498862 -3.560238
3.498999 -3.560514
3.499137 -3.586869
3.499275 -3.606264
3.499412 -3.609294
3.499550 -3.612935
3.499687 -3.615405
3.499824 -3.615680
3.499962 -3.616481
3.500099 -3.614725
3.500236 -3.613928
3.500374 -3.614202
3.500511 -3.614477
3.500648 -3.616299
3.500785 -3.620674
3.500922 -3.623218
3.501059 -3.624486
3.501196 -3.624760
3.501333 -3.625034
3.501470 -3.625308
3.501607 -3.625581
3.501744 -3.625855
3.501880 -3.626129
3.502017 -3.626402
3.502154 -3.626675
3.502291 -3.626949
3.502427 -3.631172
3.502564 -3.631445
3.502700 -3.631718
3.502837 -3.631991
3.502973 -3.632263
3.503109 -3.632340
3.503246 -3.630172
3.503382 -3.628138
3.503518 -3.628410
3.503655 -3.628683
3.503791 -3.628955
3.503927 -3.629227
3.504063 -3.630142
3.504199 -3.636273
3.504335 -3.638356
3.504471 -3.639220
3.504607 -3.639492
3.504743 -3.632150
3.504878 -3.632688
3.505014 -3.634304
3.505150 -3.635484
3.505286 -3.636226
3.505421 -3.634007
3.505557 -3.634118
3.505693 -3.634389
3.505828 -3.634451
3.505964 -3.634318
3.506099 -3.634589
3.506234 -3.632419
3.506370 -3.631530
3.506505 -3.626356
3.506640 -3.608022
3.506776 -3.579003
3.506911 -3.572564
3.507046 -3.551115
3.507181 -3.551385
3.507316 -3.551655
3.507451 -3.551925
3.507586 -3.548641
3.507721 -3.536069
3.507856 -3.515020
3.507991 -3.515290
3.508126 -3.515560
3.508260 -3.518257
3.508395 -3.515154
3.508530 -3.508311
3.508664 -3.508580
3.508799 -3.508849
3.508934 -3.509118
3.509068 -3.499113
3.509203 -3.499382
3.509337 -3.499651
3.509471 -3.499409
3.509606 -3.499528
3.509740 -3.499797
3.509874 -3.499565
3.510009 -3.499456
3.510143 -3.498133
3.510277 -3.498401
3.510411 -3.498669
3.510545 -3.498937
3.510679 -3.499205
3.510813 -3.499473
3.510947 -3.499741
3.511081 -3.500009
3.511215 -3.500277
3.511349 -3.500544
3.511482 -3.500812
3.511616 -3.501079
3.511750 -3.501347
3.511883 -3.501614
3.512017 -3.501881
3.512151 -3.502148
3.512284 -3.503677
3.512418 -3.495895
3.512551 -3.496269
3.512684 -3.496695
3.512818 -3.496962
3.512951 -3.497228
3.513084 -3.497495
3.513218 -3.497761
3.513351 -3.498028
3.513484 -3.498294
3.513617 -3.498560
3.513750 -3.498826
3.513883 -3.499093
3.514016 -3.499359
3.514149 -3.512090
3.514282 -3.560557
3.514415 -3.560823
3.514548 -3.561089
3.514681 -3.561354
3.514813 -3.565162
3.514946 -3.572557
3.515079 -3.572823
3.515211 -3.582062
3.515344 -3.583416
3.515476 -3.598342
3.515609 -3.628955
3.515741 -3.629220
3.515874 -3.635673
3.516006 -3.635938
3.516139 -3.636203
3.516271 -3.636853
3.516403 -3.637479
3.516535 -3.637984
3.516668 -3.638176
3.516800 -3.638441
3.516932 -3.638705
3.517064 -3.640539
3.517196 -3.644876
3.517328 -3.646854
3.517460 -3.648124
3.517592 -3.648388
3.517724 -3.648652
3.517855 -3.648916
3.517987 -3.649179
3.518119 -3.650575
3.518251 -3.648417
3.518382 -3.650314
3.518514 -3.650909
3.518646 -3.651172
3.518777 -3.655443
3.518909 -3.645755
3.519040 -3.646018
3.519171 -3.646280
3.519303 -3.647248
3.519434 -3.646605
3.519566 -3.648493
3.519697 -3.644603
3.519828 -3.646727
3.519959 -3.647527
3.520090 -3.647906
3.520221 -3.647904
3.520353 -3.648166
3.520484 -3.648244
3.520615 -3.648395
3.520745 -3.648400
3.520876 -3.648662
3.521007 -3.648924
3.521138 -3.649185
3.521269 -3.651056
3.521400 -3.651317
3.521530 -3.653434
3.521661 -3.653797
3.521792 -3.654729
3.521922 -3.657175
3.522053 -3.652271
3.522183 -3.653137
3.522314 -3.653398
3.522444 -3.653659
3.522575 -3.653919
3.522705 -3.654180
3.522835 -3.654441
3.522966 -3.650588
3.523096 -3.631560
3.523226 -3.604293
3.523356 -3.577613
3.523486 -3.577873
3.523616 -3.578133
3.523746 -3.578393
3.523876 -3.579718
3.524006 -3.574095
3.524136 -3.549850
3.524266 -3.536673
3.524396 -3.536933
3.524526 -3.536868
3.524656 -3.536952
3.524785 -3.533211
3.524915 -3.527392
3.525045 -3.527651
3.525174 -3.527910
3.525304 -3.528169
3.525434 -3.518118
3.525563 -3.518377
3.525693 -3.518636
3.525822 -3.518895
3.525951 -3.519154
3.526081 -3.519412
3.526210 -3.519671
3.526339 -3.519930
3.526469 -3.520188
3.526598 -3.520446
3.526727 -3.520705
3.526856 -3.520090
3.526985 -3.520349
3.527114 -3.520607
3.527243 -3.520865
3.527372 -3.521123
3.527501 -3.521381
3.527630 -3.521638
3.527759 -3.521896
3.527888 -3.522154
3.528016 -3.522411
3.528145 -3.522669
3.528274 -3.523180
3.528402 -3.523438
3.528531 -3.523695
3.528660 -3.523952
3.528788 -3.515860
3.528917 -3.516117
3.529045 -3.516374
3.529174 -3.516631
3.529302 -3.516887
3.529430 -3.517144
3.529559 -3.517401
3.529687 -3.517657
3.529815 -3.517914
3.529943 -3.518170
3.530072 -3.518427
3.530200 -3.518683
3.530328 -3.518939
3.530456 -3.519195
3.530584 -3.519451
3.530712 -3.521350
3.530840 -3.521606
3.530968 -3.521987
3.531096 -3.528297
3.531223 -3.555098
3.531351 -3.581655
3.531479 -3.581910
3.531607 -3.582166
3.531734 -3.585052
3.531862 -3.587851
3.531990 -3.591730
3.532117 -3.591986
3.532245 -3.600688
3.532372 -3.604218
3.532500 -3.619891
3.532627 -3.648716
3.532754 -3.650948
3.532882 -3.657434
3.533009 -3.657688
3.533136 -3.657943
3.533264 -3.658197
3.533391 -3.658452
3.533518 -3.658706
3.533645 -3.647979
3.533772 -3.648233
3.533899 -3.648487
3.534026 -3.649550
3.534153 -3.650590
3.534280 -3.655070
3.534407 -3.658689
3.534534 -3.658942
3.534661 -3.659196
3.534787 -3.661368
3.534914 -3.661622
3.535041 -3.663764
3.535167 -3.665133
3.535294 -3.665653
3.535421 -3.665790
3.535547 -3.666043
3.535674 -3.666222
3.535800 -3.670205
3.535927 -3.670427
3.536053 -3.670680
3.536180 -3.670932
3.536306 -3.671875
3.536432 -3.671233
3.536558 -3.671256
3.536685 -3.669194
3.536811 -3.667043
3.536937 -3.667295
3.537063 -3.667548
3.537189 -3.667800
3.537315 -3.668052
3.537441 -3.668304
3.537567 -3.668556
3.537693 -3.668808
3.537819 -3.669059
3.537945 -3.666971
3.538071 -3.664671
3.538197 -3.664922
3.538322 -3.665174
3.538448 -3.664329
3.538574 -3.663177
3.538699 -3.658496
3.538825 -3.656618
3.538951 -3.654582
3.539076 -3.654833
3.539202 -3.655084
3.539327 -3.655335
3.539452 -3.651239
3.539578 -3.651489
3.539703 -3.651740
3.539829 -3.651398
3.539954 -3.651196
3.540079 -3.630749
3.540204 -3.604013
3.540329 -3.596502
3.540455 -3.578832
3.540580 -3.581763
3.540705 -3.582941
3.540830 -3.583192
3.540955 -3.583442
3.541080 -3.578395
3.541205 -3.546596
3.541330 -3.546845
3.541454 -3.547095
3.541579 -3.547345
3.541704 -3.547594
3.541829 -3.545862
3.541953 -3.540111
3.542078 -3.540360
3.542203 -3.540609
3.542327 -3.540859
3.542452 -3.529179
3.542576 -3.528596
3.542701 -3.524934
3.542825 -3.525182
3.542950 -3.525431
3.543074 -3.525680
3.543199 -3.525929
3.543323 -3.526177
3.543447 -3.526426
3.543571 -3.526674
3.543696 -3.526923
3.543820 -3.527171
3.543944 -3.527420
3.544068 -3.527668
3.544192 -3.527916
3.544316 -3.528164
3.544440 -3.529653
3.544564 -3.530149
3.544688 -3.530397
3.544812 -3.530911
3.544936 -3.531159
3.545060 -3.531407
3.545183 -3.531654
3.545307 -3.531902
3.545431 -3.532149
3.545555 -3.532397
3.545678 -3.532644
3.545802 -3.528822
3.545925 -3.524969
3.546049 -3.525216
3.546172 -3.525463
3.546296 -3.525710
3.546419 -3.525957
3.546543 -3.526203
3.546666 -3.526450
3.546789 -3.526697
3.546913 -3.526943
3.547036 -3.527696
3.547159 -3.529044
3.547282 -3.529290
3.547405 -3.530027
3.547529 -3.528437
3.547652 -3.528142
3.547775 -3.528389
3.547898 -3.528635
3.548021 -3.528881
3.548144 -3.529126
3.548267 -3.529372
3.548389 -3.529618
3.548512 -3.529864
3.548635 -3.530109
3.548758 -3.530459
3.548881 -3.523620
3.549003 -3.574137
3.549126 -3.577936
3.549249 -3.578182
3.549371 -3.578427
3.549494 -3.578672
3.549616 -3.582419
3.549739 -3.587817
3.549861 -3.588062
3.549984 -3.596613
3.550106 -3.600078
3.550228 -3.615475
3.550351 -3.643771
3.550473 -3.645957
3.550595 -3.654211
3.550717 -3.654456
3.550840 -3.656596
3.550962 -3.658004
3.551084 -3.659468
3.551206 -3.659720
3.551328 -3.659964
3.551450 -3.660208
3.551572 -3.660326
3.551694 -3.660294
3.551816 -3.662107
3.551938 -3.666504
3.552060 -3.669048
3.552181 -3.670299
3.552303 -3.670542
3.552425 -3.670786
3.552547 -3.671029
3.552668 -3.671272
3.552790 -3.671516
3.552911 -3.671759
3.553033 -3.672002
3.553155 -3.672245
3.553276 -3.672488
3.553398 -3.672731
3.553519 -3.676554
3.553640 -3.677219
3.553762 -3.677015
3.553883 -3.677258
3.554004 -3.677500
3.554126 -3.674482
3.554247 -3.666172
3.554368 -3.664752
3.554489 -3.661976
3.554610 -3.662219
3.554731 -3.662461
3.554852 -3.662703
3.554973 -3.662945
3.555094 -3.661638
3.555215 -3.661505
3.555336 -3.661440
3.555457 -3.661681
3.555578 -3.661377
3.555699 -3.661619
3.555820 -3.659613
3.555940 -3.662838
3.556061 -3.663079
3.556182 -3.663321
3.556303 -3.667908
3.556423 -3.668149
3.556544 -3.671171
3.556664 -3.668247
3.556785 -3.666622
3.556905 -3.666863
3.557026 -3.667104
3.557146 -3.667345
3.557267 -3.667586
3.557387 -3.667827
3.557507 -3.668067
3.557627 -3.668308
3.557748 -3.659616
3.557868 -3.647817
3.557988 -3.621797
3.558108 -3.601379
3.558228 -3.596504
3.558349 -3.596745
3.558469 -3.596985
3.558589 -3.597225
3.558709 -3.597505
3.558829 -3.592390
3.558948 -3.564272
3.559068 -3.563616
3.559188 -3.563856
3.559308 -3.564096
3.559428 -3.564335
3.559548 -3.562604
3.559667 -3.563800
3.559787 -3.562017
3.559907 -3.564065
3.560026 -3.564304
3.560146 -3.554259
3.560265 -3.554498
3.560385 -3.554737
3.560504 -3.554976
3.560624 -3.555152
3.560743 -3.555209
3.560863 -3.555194
3.560982 -3.555433
3.561101 -3.555672
3.561221 -3.555910
3.561340 -3.556149
3.561459 -3.556387
3.561578 -3.556626
3.561698 -3.553352
3.561817 -3.552083
3.561936 -3.549757
3.562055 -3.548635
3.562174 -3.548873
3.562293 -3.549111
3.562412 -3.549349
3.562531 -3.549587
3.562650 -3.549824
3.562769 -3.550062
3.562887 -3.550300
3.563006 -3.550537
3.563125 -3.550775
3.563244 -3.551012
3.563362 -3.551250
3.563481 -3.551487
3.563600 -3.543562
3.563718 -3.543799
3.563837 -3.544036
3.563955 -3.545950
3.564074 -3.547466
3.564192 -3.549443
3.564311 -3.549680
3.564429 -3.550358
3.564548 -3.549485
3.564666 -3.534417
3.564784 -3.534653
3.564903 -3.534890
3.565021 -3.535126
3.565139 -3.535363
3.565257 -3.535599
3.565376 -3.535836
3.565494 -3.536072
3.565612 -3.536308
3.565730 -3.536544
3.565848 -3.536780
3.565966 -3.537016
3.566084 -3.537252
3.566202 -3.537488
3.566320 -3.537724
3.566437 -3.537960
3.566555 -3.538195
3.566673 -3.538431
3.566791 -3.538666
3.566909 -3.540372
3.567026 -3.540607
3.567144 -3.541836
3.567262 -3.543107
3.567379 -3.556429
3.567497 -3.605327
3.567614 -3.605625
3.567732 -3.605860
3.567849 -3.606095
3.567967 -3.606247
3.568084 -3.609847
3.568202 -3.615325
3.568319 -3.615559
3.568436 -3.624249
3.568554 -3.627762
3.568671 -3.637453
3.568788 -3.657359
3.568905 -3.674475
3.569023 -3.674710
3.569140 -3.681181
3.569257 -3.681415
3.569374 -3.681650
3.569491 -3.681884
3.569608 -3.682118
3.569725 -3.682352
3.569842 -3.682586
3.569959 -3.682819
3.570076 -3.683053
3.570193 -3.683287
3.570309 -3.685100
3.570426 -3.689516
3.570543 -3.692067
3.570660 -3.693314
3.570776 -3.693548
3.570893 -3.693781
3.571010 -3.694014
3.571126 -3.694248
3.571243 -3.694481
3.571359 -3.694714
3.571476 -3.694947
3.571592 -3.694833
3.571709 -3.694776
3.571825 -3.695009
3.571942 -3.695374
3.572058 -3.698971
3.572174 -3.698332
3.572291 -3.697208
3.572407 -3.697441
3.572523 -3.698344
3.572639 -3.697707
3.572755 -3.697940
3.572872 -3.695700
3.572988 -3.693596
3.573104 -3.693828
3.573220 -3.694061
3.573336 -3.694293
3.573452 -3.694525
3.573568 -3.694756
3.573684 -3.694988
3.573800 -3.695220
3.573915 -3.695452
3.574031 -3.695683
3.574147 -3.695915
3.574263 -3.696147
3.574379 -3.696378
3.574494 -3.696609
3.574610 -3.696841
3.574726 -3.697072
3.574841 -3.697303
3.574957 -3.697534
3.575072 -3.695467
3.575188 -3.695698
3.575303 -3.695929
3.575419 -3.696160
3.575534 -3.696391
3.575650 -3.696621
3.575765 -3.696852
3.575880 -3.697083
3.575996 -3.697313
3.576111 -3.697544
3.576226 -3.689536
3.576341 -3.676590
3.576457 -3.651544
3.576572 -3.640872
3.576687 -3.624238
3.576802 -3.624468
3.576917 -3.624698
3.577032 -3.624928
3.577147 -3.625158
3.577262 -3.620058
3.577377 -3.597860
3.577492 -3.588275
3.577607 -3.588504
3.577722 -3.588734
3.577836 -3.588964
3.577951 -3.587200
3.578066 -3.587430
3.578181 -3.581624
3.578295 -3.581853
3.578410 -3.582082
3.578525 -3.582312
3.578639 -3.572302
3.578754 -3.572532
3.578868 -3.572761
3.578983 -3.572990
3.579097 -3.573219
3.579212 -3.574714
3.579326 -3.575197
3.579441 -3.575426
3.579555 -3.575854
3.579669 -3.576155
3.579784 -3.576865
3.579898 -3.581475
3.580012 -3.581703
3.580126 -3.583724
3.580241 -3.583953
3.580355 -3.584181
3.580469 -3.584409
3.580583 -3.584637
3.580697 -3.584865
3.580811 -3.585093
3.580925 -3.585321
3.581039 -3.584841
3.581153 -3.570870
3.581267 -3.571098
3.581381 -3.571326
3.581495 -3.571553
3.581608 -3.571781
3.581722 -3.572009
3.581836 -3.573090
3.581950 -3.572065
3.582063 -3.563226
3.582177 -3.560903
3.582291 -3.558325
3.582404 -3.557997
3.582518 -3.558225
3.582631 -3.558452
3.582745 -3.558679
3.582858 -3.560627
3.582972 -3.560989
3.583085 -3.559360
3.583199 -3.559586
3.583312 -3.559813
3.583426 -3.560147
3.583539 -3.560266
3.583652 -3.560493
3.583765 -3.560720
3.583879 -3.560946
3.583992 -3.562728
3.584105 -3.562892
3.584218 -3.564535
3.584331 -3.565102
3.584444 -3.565958
3.584557 -3.566432
3.584670 -3.566756
3.584783 -3.566982
3.584896 -3.567158
3.585009 -3.567384
3.585122 -3.567145
3.585235 -3.565021
3.585348 -3.565247
3.585461 -3.565473
3.585574 -3.565698
3.585686 -3.565924
3.585799 -3.566149
3.585912 -3.566375
3.586024 -3.566600
3.586137 -3.566825
3.586250 -3.567051
3.586362 -3.567276
3.586475 -3.567501
3.586587 -3.569850
3.586700 -3.580575
3.586812 -3.629660
3.586925 -3.629885
3.587037 -3.630110
3.587149 -3.630334
3.587262 -3.630559
3.587374 -3.634377
3.587486 -3.639890
3.587599 -3.640114
3.587711 -3.647191
3.587823 -3.652399
3.587935 -3.652623
3.588047 -3.674169
3.588160 -3.699512
3.588272 -3.699736
3.588384 -3.706259
3.588496 -3.706483
3.588608 -3.706169
3.588720 -3.707507
3.588832 -3.707731
3.588944 -3.703565
3.589056 -3.699815
3.589167 -3.699672
3.589279 -3.698253
3.589391 -3.698477
3.589503 -3.699491
3.589615 -3.700483
3.589726 -3.704837
3.589838 -3.705764
3.589950 -3.706985
3.590061 -3.707209
3.590173 -3.707432
3.590284 -3.707655
3.590396 -3.707878
3.590507 -3.708101
3.590619 -3.708324
3.590730 -3.708547
3.590842 -3.708770
3.590953 -3.708993
3.591065 -3.709215
3.591176 -3.709438
3.591287 -3.712692
3.591399 -3.713848
3.591510 -3.714071
3.591621 -3.714293
3.591732 -3.714515
3.591843 -3.715427
3.591955 -3.714763
3.592066 -3.714986
3.592177 -3.712757
3.592288 -3.710664
3.592399 -3.710886
3.592510 -3.711108
3.592621 -3.711330
3.592732 -3.711552
3.592843 -3.711774
3.592954 -3.711996
3.593064 -3.712217
3.593175 -3.712439
3.593286 -3.712661
3.593397 -3.712882
3.593508 -3.713104
3.593618 -3.713325
3.593729 -3.715837
3.593840 -3.715253
3.593950 -3.715474
3.594061 -3.716428
3.594171 -3.720551
3.594282 -3.720772
3.594393 -3.718682
3.594503 -3.718903
3.594614 -3.719124
3.594724 -3.719345
3.594834 -3.719566
3.594945 -3.719786
3.595055 -3.720007
3.595165 -3.720228
3.595276 -3.720448
3.595386 -3.720669
3.595496 -3.720889
3.595606 -3.699584
3.595717 -3.674403
3.595827 -3.668461
3.595937 -3.646949
3.596047 -3.647169
3.596157 -3.647390
3.596267 -3.647610
3.596377 -3.647830
3.596487 -3.651885
3.596597 -3.646704
3.596707 -3.614270
3.596817 -3.614490
3.596927 -3.614709
3.597037 -3.614929
3.597146 -3.615149
3.597256 -3.613351
3.597366 -3.613570
3.597476 -3.607681
3.597586 -3.607901
3.597695 -3.608120
3.597805 -3.608555
3.597914 -3.604672
3.598024 -3.598674
3.598134 -3.582919
3.598243 -3.583138
3.598353 -3.583357
3.598462 -3.583576
3.598572 -3.583795
3.598681 -3.584014
3.598791 -3.584233
3.598900 -3.584452
3.599009 -3.584670
3.599119 -3.584889
3.599228 -3.585107
3.599337 -3.585326
3.599446 -3.585545
3.599556 -3.585763
3.599665 -3.585981
3.599774 -3.586200
3.599883 -3.586418
3.599992 -3.586636
3.600101 -3.586854
3.600210 -3.587072
3.600319 -3.588138
3.600428 -3.588909
3.600537 -3.589127
3.600646 -3.589622
3.600755 -3.588162
3.600864 -3.586910
3.600973 -3.587614
3.601082 -3.592260
3.601191 -3.592478
3.601299 -3.592677
3.601408 -3.587339
3.601517 -3.587556
3.601625 -3.587774
3.601734 -3.589656
3.601843 -3.589873
3.601951 -3.591824
3.602060 -3.592699
3.602169 -3.593637
3.602277 -3.594158
3.602386 -3.594566
3.602494 -3.594783
3.602603 -3.594999
3.602711 -3.595191
3.602819 -3.595303
3.602928 -3.595520
3.603036 -3.595597
3.603144 -3.594150
3.603253 -3.593510
3.603361 -3.590644
3.603469 -3.589911
3.603577 -3.590127
3.603686 -3.590344
3.603794 -3.590560
3.603902 -3.590776
3.604010 -3.590992
3.604118 -3.591208
3.604226 -3.591425
3.604334 -3.591641
3.604442 -3.591857
3.604550 -3.592073
3.604658 -3.592288
3.604766 -3.592504
3.604874 -3.592720
3.604982 -3.592936
3.605089 -3.593151
3.605197 -3.593367
3.605305 -3.593583
3.605413 -3.593798
3.605521 -3.594014
3.605628 -3.594229
3.605736 -3.594444
3.605844 -3.594660
3.605951 -3.594875
3.606059 -3.595090
3.606166 -3.595305
3.606274 -3.595520
3.606381 -3.595475
3.606489 -3.595604
3.606596 -3.595818
3.606704 -3.595834
3.606811 -3.602377
3.606919 -3.619137
3.607026 -3.657183
3.607133 -3.657398
3.607241 -3.657612
3.607348 -3.657827
3.607455 -3.658041
3.607562 -3.661896
3.607669 -3.667468
3.607777 -3.667682
3.607884 -3.667897
3.607991 -3.676753
3.608098 -3.680319
3.608205 -3.696320
3.608312 -3.721502
3.608419 -3.728067
3.608526 -3.728281
3.608633 -3.734890
3.608740 -3.735103
3.608847 -3.735317
3.608954 -3.735444
3.609061 -3.735409
3.609167 -3.735275
3.609274 -3.735488
3.609381 -3.735702
3.609488 -3.735915
3.609594 -3.736129
3.609701 -3.736342
3.609808 -3.738173
3.609914 -3.742670
3.610021 -3.739161
3.610128 -3.742756
3.610234 -3.742970
3.610341 -3.743183
3.610447 -3.743396
3.610554 -3.743609
3.610660 -3.743822
3.610767 -3.744034
3.610873 -3.746214
3.610979 -3.747071
3.611086 -3.744673
3.611192 -3.744885
3.611298 -3.745098
3.611405 -3.745311
3.611511 -3.749186
3.611617 -3.749830
3.611723 -3.750042
3.611829 -3.750255
3.611936 -3.750467
3.612042 -3.751391
3.612148 -3.750688
3.612254 -3.750900
3.612360 -3.749365
3.612466 -3.746403
3.612572 -3.746615
3.612678 -3.746827
3.612784 -3.747039
3.612890 -3.747251
3.612996 -3.747462
3.613102 -3.747674
3.613207 -3.747886
3.613313 -3.748097
3.613419 -3.748309
3.613525 -3.748521
3.613630 -3.748732
3.613736 -3.748943
3.613842 -3.749155
3.613947 -3.749366
3.614053 -3.749577
3.614159 -3.749789
3.614264 -3.750000
3.614370 -3.750211
3.614475 -3.750422
3.614581 -3.748280
3.614686 -3.748491
3.614792 -3.748702
3.614897 -3.748913
3.615003 -3.750023
3.615108 -3.751737
3.615213 -3.752815
3.615319 -3.754083
3.615424 -3.754382
3.615529 -3.754592
3.615634 -3.754803
3.615740 -3.745585
3.615845 -3.716698
3.615950 -3.690675
3.616055 -3.684528
3.616160 -3.662342
3.616265 -3.662553
3.616370 -3.662763
3.616476 -3.662973
3.616581 -3.663183
3.616686 -3.663393
3.616790 -3.658091
3.616895 -3.633127
3.617000 -3.626577
3.617105 -3.626972
3.617210 -3.627181
3.617315 -3.627606
3.617420 -3.627893
3.617525 -3.626048
3.617629 -3.626258
3.617734 -3.620247
3.617839 -3.620456
3.617943 -3.620666
3.618048 -3.620875
3.618153 -3.610536
3.618257 -3.610746
3.618362 -3.610955
3.618466 -3.611164
3.618571 -3.611373
3.618676 -3.611582
3.618780 -3.611791
3.618884 -3.612000
3.618989 -3.612209
3.619093 -3.612418
3.619198 -3.612626
3.619302 -3.612835
3.619406 -3.613044
3.619511 -3.613252
3.619615 -3.614134
3.619719 -3.615092
3.619824 -3.615301
3.619928 -3.615772
3.620032 -3.615605
3.620136 -3.614511
3.620240 -3.614993
3.620344 -3.615202
3.620448 -3.617284
3.620552 -3.618217
3.620656 -3.619243
3.620760 -3.619816
3.620864 -3.620317
3.620968 -3.620525
3.621072 -3.620733
3.621176 -3.620943
3.621280 -3.621252
3.621384 -3.621295
3.621488 -3.619647
3.621592 -3.614224
3.621695 -3.614432
3.621799 -3.614639
3.621903 -3.614847
3.622007 -3.615054
3.622110 -3.615261
3.622214 -3.615469
3.622318 -3.615676
3.622421 -3.615883
3.622525 -3.616090
3.622628 -3.616298
3.622732 -3.616505
3.622835 -3.616712
3.622939 -3.616919
3.623042 -3.617126
3.623146 -3.617332
3.623249 -3.618031
3.623353 -3.622719
3.623456 -3.622926
3.623559 -3.624967
3.623663 -3.625173
3.623766 -3.625380
3.623869 -3.625586
3.623973 -3.625793
3.624076 -3.625999
3.624179 -3.626206
3.624282 -3.626412
3.624385 -3.626618
3.624488 -3.626825
3.624591 -3.627031
3.624695 -3.627237
3.624798 -3.627443
3.624901 -3.627362
3.625004 -3.627568
3.625107 -3.627774
3.625210 -3.627700
3.625312 -3.627765
3.625415 -3.626050
3.625518 -3.624300
3.625621 -3.621384
3.625724 -3.620627
3.625827 -3.620833
3.625929 -3.621039
3.626032 -3.621244
3.626135 -3.621449
3.626238 -3.621655
3.626340 -3.621454
3.626443 -3.621659
3.626546 -3.621865
3.626648 -3.620081
3.626751 -3.614827
3.626853 -3.613348
3.626956 -3.613553
3.627058 -3.613758
3.627161 -3.613963
3.627263 -3.614168
3.627366 -3.614372
3.627468 -3.614577
3.627571 -3.614782
3.627673 -3.613778
3.627775 -3.613982
3.627878 -3.614187
3.627980 -3.616523
3.628082 -3.627270
3.628185 -3.672877
3.628287 -3.676743
3.628389 -3.676948
3.628491 -3.677152
3.628593 -3.677356
3.628695 -3.681170
3.628797 -3.681374
3.628900 -3.686890
3.629002 -3.687095
3.629104 -3.694182
3.629206 -3.699392
3.629308 -3.699596
3.629410 -3.715446
3.629512 -3.740384
3.629613 -3.746876
3.629715 -3.747080
3.629817 -3.753616
3.629919 -3.753819
3.630021 -3.754023
3.630123 -3.754227
3.630224 -3.756133
3.630326 -3.756336
3.630428 -3.756540
3.630530 -3.756743
3.630631 -3.756946
3.630733 -3.757150
3.630835 -3.757353
3.630936 -3.758373
3.631038 -3.759369
3.631139 -3.763837
3.631241 -3.766402
3.631342 -3.767639
3.631444 -3.767842
3.631545 -3.766306
3.631647 -3.766509
3.631748 -3.766711
3.631849 -3.766914
3.631951 -3.767117
3.632052 -3.767320
3.632153 -3.767522
3.632255 -3.767725
3.632356 -3.767927
3.632457 -3.768130
3.632559 -3.768332
3.632660 -3.769466
3.632761 -3.772831
3.632862 -3.773034
3.632963 -3.773236
3.633064 -3.773438
3.633165 -3.773640
3.633266 -3.774478
3.633367 -3.773842
3.633468 -3.773815
3.633569 -3.771715
3.633670 -3.769526
3.633771 -3.769728
3.633872 -3.769930
3.633973 -3.770131
3.634074 -3.770333
3.634175 -3.770535
3.634276 -3.770212
3.634376 -3.753355
3.634477 -3.753556
3.634578 -3.753758
3.634679 -3.753959
3.634779 -3.754161
3.634880 -3.754362
3.634981 -3.754563
3.635081 -3.754765
3.635182 -3.758261
3.635283 -3.758373
3.635383 -3.758320
3.635484 -3.762992
3.635584 -3.763193
3.635685 -3.763394
3.635785 -3.761188
3.635886 -3.761389
3.635986 -3.761589
3.636087 -3.761790
3.636187 -3.761991
3.636287 -3.761732
3.636388 -3.758616
3.636488 -3.758817
3.636588 -3.759017
3.636688 -3.759218
3.636789 -3.759418
3.636889 -3.759619
3.636989 -3.739949
3.637089 -3.724892
3.637189 -3.708708
3.637290 -3.688739
3.637390 -3.683553
3.637490 -3.683753
3.637590 -3.683953
3.637690 -3.684153
3.637790 -3.686585
3.637890 -3.684829
3.637990 -3.683176
3.638090 -3.650032
3.638190 -3.650232
3.638290 -3.650431
3.638389 -3.650631
3.638489 -3.650831
3.638589 -3.651031
3.638689 -3.649171
3.638789 -3.649370
3.638888 -3.643335
3.638988 -3.643535
3.639088 -3.643734
3.639188 -3.643933
3.639287 -3.644133
3.639387 -3.633761
3.639486 -3.634031
3.639586 -3.634231
3.639686 -3.634299
3.639785 -3.634882
3.639885 -3.636521
3.639984 -3.636535
3.640084 -3.636258
3.640183 -3.638409
3.640283 -3.640451
3.640382 -3.640650
3.640481 -3.640883
3.640581 -3.641085
3.640680 -3.641263
3.640779 -3.641461
3.640879 -3.644092
3.640978 -3.643681
3.641077 -3.642057
3.641177 -3.642255
3.641276 -3.642454
3.641375 -3.642652
3.641474 -3.642850
3.641573 -3.643049
3.641672 -3.643247
3.641771 -3.643445
3.641871 -3.643643
3.641970 -3.643841
3.642069 -3.644040
3.642168 -3.644238
3.642267 -3.644436
3.642366 -3.644633
3.642465 -3.644831
3.642563 -3.645029
3.642662 -3.645227
3.642761 -3.637911
3.642860 -3.638109
3.642959 -3.638307
3.643058 -3.639773
3.643156 -3.640493
3.643255 -3.641514
3.643354 -3.642387
3.643453 -3.642584
3.643551 -3.642782
3.643650 -3.642979
3.643749 -3.643176
3.643847 -3.643373
3.643946 -3.643571
3.644044 -3.643768
3.644143 -3.643867
3.644242 -3.643954
3.644340 -3.644151
3.644439 -3.644348
3.644537 -3.644313
3.644636 -3.644510
3.644734 -3.644273
3.644832 -3.643726
3.644931 -3.643923
3.645029 -3.644120
3.645127 -3.644316
3.645226 -3.644513
3.645324 -3.644710
3.645422 -3.644906
3.645521 -3.645103
3.645619 -3.645299
3.645717 -3.645496
3.645815 -3.645692
3.645913 -3.645888
3.646011 -3.646084
3.646110 -3.646281
3.646208 -3.646477
3.646306 -3.646673
3.646404 -3.646869
3.646502 -3.647065
3.646600 -3.647261
3.646698 -3.647457
3.646796 -3.652664
3.646894 -3.652859
3.646992 -3.654447
3.647089 -3.655099
3.647187 -3.655294
3.647285 -3.655490
3.647383 -3.655686
3.647481 -3.655881
3.647579 -3.656077
3.647676 -3.656273
3.647774 -3.656468
3.647872 -3.656663
3.647969 -3.656859
3.648067 -3.657054
3.648165 -3.657249
3.648262 -3.657445
3.648360 -3.657640
3.648458 -3.657835
3.648555 -3.658030
3.648653 -3.658225
3.648750 -3.658420
3.648848 -3.657477
3.648945 -3.656084
3.649043 -3.656279
3.649140 -3.652342
3.649237 -3.652537
3.649335 -3.652731
3.649432 -3.652926
3.649530 -3.653121
3.649627 -3.653315
3.649724 -3.653510
3.649821 -3.653705
3.649919 -3.653899
3.650016 -3.654094
3.650113 -3.654288
3.650210 -3.654482
3.650308 -3.661288
3.650405 -3.687167
3.650502 -3.719274
3.650599 -3.719468
3.650696 -3.719662
3.650793 -3.719857
3.650890 -3.720051
3.650987 -3.724010
3.651084 -3.724204
3.651181 -3.729942
3.651278 -3.730136
3.651375 -3.733954
3.651472 -3.742944
3.651569 -3.743138
3.651666 -3.759698
3.651762 -3.774447
3.651859 -3.792623
3.651956 -3.792816
3.652053 -3.799665
3.652150 -3.799858
3.652246 -3.800052
3.652343 -3.800245
3.652440 -3.800439
3.652536 -3.800632
3.652633 -3.800825
3.652730 -3.801019
3.652826 -3.801212
3.652923 -3.801405
3.653019 -3.801598
3.653116 -3.801791
3.653213 -3.802839
3.653309 -3.803863
3.653405 -3.808524
3.653502 -3.811193
3.653598 -3.793603
3.653695 -3.793795
3.653791 -3.793988
3.653888 -3.794181
3.653984 -3.794374
3.654080 -3.794566
3.654177 -3.794759
3.654273 -3.794951
3.654369 -3.795144
3.654465 -3.795336
3.654562 -3.795529
3.654658 -3.795721
3.654754 -3.795914
3.654850 -3.796106
3.654946 -3.798567
3.655042 -3.800825
3.655138 -3.801017
3.655235 -3.801209
3.655331 -3.801401
3.655427 -3.801593
3.655523 -3.802539
3.655619 -3.801762
3.655715 -3.801954
3.655810 -3.801904
3.655906 -3.797128
3.656002 -3.797320
3.656098 -3.797512
3.656194 -3.797704
3.656290 -3.797895
3.656386 -3.798087
3.656482 -3.798279
3.656577 -3.798470
3.656673 -3.798662
3.656769 -3.798853
3.656864 -3.799045
3.656960 -3.799236
3.657056 -3.799427
3.657152 -3.799619
3.657247 -3.799810
3.657343 -3.800001
3.657438 -3.800192
3.657534 -3.800383
3.657629 -3.800575
3.657725 -3.800766
3.657820 -3.800957
3.657916 -3.801148
3.658011 -3.801338
3.658107 -3.799040
3.658202 -3.799231
3.658298 -3.799422
3.658393 -3.801465
3.658488 -3.801656
3.658584 -3.801038
3.658679 -3.801388
3.658774 -3.801817
3.658870 -3.802007
3.658965 -3.802198
3.659060 -3.802388
3.659155 -3.802579
3.659250 -3.783457
3.659346 -3.774955
3.659441 -3.751558
3.659536 -3.741703
3.659631 -3.724030
3.659726 -3.724273
3.659821 -3.724463
3.659916 -3.724473
3.660011 -3.724106
3.660106 -3.723715
3.660201 -3.719789
3.660296 -3.713192
3.660391 -3.681618
3.660486 -3.681808
3.660581 -3.681998
3.660676 -3.681621
3.660771 -3.681514
3.660865 -3.681082
3.660960 -3.680309
3.661055 -3.683422
3.661150 -3.677458
3.661245 -3.677648
3.661339 -3.679859
3.661434 -3.682905
3.661529 -3.683442
3.661623 -3.674225
3.661718 -3.674414
3.661813 -3.674603
3.661907 -3.674792
3.662002 -3.674982
3.662096 -3.675171
3.662191 -3.675360
3.662286 -3.675549
3.662380 -3.675738
3.662475 -3.675927
3.662569 -3.676116
3.662663 -3.676422
3.662758 -3.676493
3.662852 -3.676682
3.662947 -3.676871
3.663041 -3.677060
3.663135 -3.677248
3.663230 -3.677437
3.663324 -3.677557
3.663418 -3.677551
3.663512 -3.677467
3.663607 -3.677656
3.663701 -3.677844
3.663795 -3.678032
3.663889 -3.678221
3.663983 -3.678409
3.664078 -3.678597
3.664172 -3.678786
3.664266 -3.678974
3.664360 -3.676233
3.664454 -3.676342
3.664548 -3.676531
3.664642 -3.676719
3.664736 -3.676720
3.664830 -3.676908
3.664924 -3.676926
3.665018 -3.668587
3.665112 -3.668775
3.665206 -3.668962
3.665299 -3.669150
3.665393 -3.669338
3.665487 -3.669525
3.665581 -3.669713
3.665675 -3.669901
3.665769 -3.670088
3.665862 -3.670276
3.665956 -3.670463
3.666050 -3.670651
3.666143 -3.670838
3.666237 -3.671025
3.666331 -3.671213
3.666424 -3.671400
3.666518 -3.671587
3.666612 -3.671774
3.666705 -3.671961
3.666799 -3.672148
3.666892 -3.672335
3.666986 -3.672523
3.667079 -3.672709
3.667173 -3.672896
3.667266 -3.673083
3.667360 -3.673270
3.667453 -3.673457
3.667546 -3.673644
3.667640 -3.673830
3.667733 -3.673601
3.667826 -3.673787
3.667920 -3.673974
3.668013 -3.672706
3.668106 -3.669231
3.668199 -3.665175
3.668293 -3.665361
3.668386 -3.665547
3.668479 -3.665734
3.668572 -3.665920
3.668665 -3.666106
3.668759 -3.666293
3.668852 -3.666479
3.668945 -3.666665
3.669038 -3.665612
3.669131 -3.665798
3.669224 -3.665984
3.669317 -3.666170
3.669410 -3.666356
3.669503 -3.666542
3.669596 -3.666728
3.669689 -3.666914
3.669782 -3.667100
3.669875 -3.667286
3.669967 -3.667471
3.670060 -3.667657
3.670153 -3.667843
3.670246 -3.668028
3.670339 -3.668214
3.670431 -3.668399
3.670524 -3.668585
3.670617 -3.668770
3.670710 -3.668956
3.670802 -3.669141
3.670895 -3.669327
3.670988 -3.669512
3.671080 -3.669697
3.671173 -3.669882
3.671265 -3.670068
3.671358 -3.670253
3.671451 -3.670438
3.671543 -3.670623
3.671636 -3.675757
3.671728 -3.675942
3.671821 -3.677502
3.671913 -3.678137
3.672005 -3.678321
3.672098 -3.678506
3.672190 -3.678691
3.672283 -3.678876
3.672375 -3.679060
3.672467 -3.679245
3.672560 -3.679430
3.672652 -3.679614
3.672744 -3.679799
3.672836 -3.679983
3.672929 -3.678838
3.673021 -3.680784
3.673113 -3.682445
3.673205 -3.682554
3.673297 -3.682813
3.673390 -3.683063
3.673482 -3.683248
3.673574 -3.683432
3.673666 -3.682487
3.673758 -3.687433
3.673850 -3.672966
3.673942 -3.716976
3.674034 -3.720466
3.674126 -3.720650
3.674218 -3.720834
3.674310 -3.721018
3.674402 -3.721202
3.674494 -3.725130
3.674586 -3.725314
3.674677 -3.731011
3.674769 -3.731195
3.674861 -3.738526
3.674953 -3.743911
3.675045 -3.744094
3.675137 -3.758999
3.675228 -3.772459
3.675320 -3.793248
3.675412 -3.793432
3.675503 -3.796589
3.675595 -3.800410
3.675687 -3.800593
3.675778 -3.800777
3.675870 -3.800960
3.675962 -3.801143
3.676053 -3.803156
3.676145 -3.803339
3.676236 -3.803522
3.676328 -3.803705
3.676419 -3.803888
3.676511 -3.804071
3.676602 -3.804254
3.676694 -3.805290
3.676785 -3.806302
3.676876 -3.810942
3.676968 -3.811125
3.677059 -3.814859
3.677151 -3.815042
3.677242 -3.815224
3.677333 -3.815407
3.677424 -3.815589
3.677516 -3.815772
3.677607 -3.815955
3.677698 -3.816137
3.677789 -3.816319
3.677881 -3.816502
3.677972 -3.816684
3.678063 -3.816866
3.678154 -3.817049
3.678245 -3.817231
3.678336 -3.817413
3.678427 -3.819846
3.678518 -3.822078
3.678609 -3.822260
3.678700 -3.822442
3.678791 -3.822624
3.678882 -3.822806
3.678973 -3.823708
3.679064 -3.823170
3.679155 -3.823138
3.679246 -3.823080
3.679337 -3.820843
3.679428 -3.818515
3.679519 -3.818696
3.679610 -3.818878
3.679700 -3.819060
3.679791 -3.819241
3.679882 -3.819423
3.679973 -3.819604
3.680063 -3.819786
3.680154 -3.819967
3.680245 -3.820149
3.680336 -3.820330
3.680426 -3.820511
3.680517 -3.820693
3.680607 -3.820874
3.680698 -3.821055
3.680789 -3.820381
3.680879 -3.824384
3.680970 -3.824565
3.681060 -3.824746
3.681151 -3.824741
3.681241 -3.829564
3.681332 -3.828765
3.681422 -3.828518
3.681513 -3.824367
3.681603 -3.823899
3.681693 -3.824080
3.681784 -3.824260
3.681874 -3.823743
3.681964 -3.823556
3.682055 -3.822966
3.682145 -3.823146
3.682235 -3.823327
3.682326 -3.823507
3.682416 -3.823688
3.682506 -3.823868
3.682596 -3.824049
3.682686 -3.814554
3.682777 -3.797786
3.682867 -3.770053
3.682957 -3.764496
3.683047 -3.744285
3.683137 -3.739028
3.683227 -3.739986
3.683317 -3.741985
3.683407 -3.742165
3.683497 -3.742345
3.683587 -3.745803
3.683677 -3.744629
3.683767 -3.738642
3.683857 -3.713316
3.683947 -3.713496
3.684037 -3.713676
3.684127 -3.713856
3.684217 -3.714035
3.684307 -3.714215
3.684396 -3.712585
3.684486 -3.712765
3.684576 -3.712944
3.684666 -3.707620
3.684756 -3.707799
3.684845 -3.707979
3.684935 -3.708158
3.685025 -3.708338
3.685114 -3.699106
3.685204 -3.699285
3.685294 -3.699465
3.685383 -3.699644
3.685473 -3.699823
3.685563 -3.699996
3.685652 -3.700151
3.685742 -3.700330
3.685831 -3.700509
3.685921 -3.700559
3.686010 -3.700738
3.686100 -3.700784
3.686189 -3.700209
3.686279 -3.700388
3.686368 -3.700566
3.686458 -3.700745
3.686547 -3.700924
3.686636 -3.701103
3.686726 -3.701281
3.686815 -3.701460
3.686904 -3.701639
3.686994 -3.701817
3.687083 -3.701996
3.687172 -3.702174
3.687261 -3.702353
3.687351 -3.702531
3.687440 -3.702710
3.687529 -3.702888
3.687618 -3.703066
3.687707 -3.703245
3.687796 -3.703423
3.687886 -3.703601
3.687975 -3.703779
3.688064 -3.703958
3.688153 -3.704136
3.688242 -3.704314
3.688331 -3.704492
3.688420 -3.704670
3.688509 -3.697137
3.688598 -3.697315
3.688687 -3.697492
3.688776 -3.697670
3.688865 -3.697848
3.688953 -3.698026
3.689042 -3.698204
3.689131 -3.698381
3.689220 -3.698559
3.689309 -3.698737
3.689398 -3.698914
3.689486 -3.699092
3.689575 -3.699269
3.689664 -3.699447
3.689753 -3.699624
3.689841 -3.699802
3.689930 -3.699979
3.690019 -3.700157
3.690107 -3.700334
3.690196 -3.700511
3.690285 -3.700688
3.690373 -3.700866
3.690462 -3.701043
3.690550 -3.701220
3.690639 -3.701397
3.690728 -3.701574
3.690816 -3.701751
3.690905 -3.701928
3.690993 -3.702105
3.691081 -3.702282
3.691170 -3.702459
3.691258 -3.702636
3.691347 -3.702813
3.691435 -3.702989
3.691524 -3.703166
3.691612 -3.703343
3.691700 -3.703519
3.691789 -3.703696
3.691877 -3.703873
3.691965 -3.704049
3.692053 -3.704226
3.692142 -3.704402
3.692230 -3.704579
3.692318 -3.704755
3.692406 -3.704931
3.692494 -3.705108
3.692583 -3.705284
3.692671 -3.705460
3.692759 -3.705637
3.692847 -3.705813
3.692935 -3.705989
3.693023 -3.706165
3.693111 -3.706341
3.693199 -3.706517
3.693287 -3.706626
3.693375 -3.706611
3.693463 -3.706520
3.693551 -3.706696
3.693639 -3.706872
3.693727 -3.707048
3.693815 -3.707224
3.693903 -3.707399
3.693991 -3.707575
3.694078 -3.707751
3.694166 -3.707926
3.694254 -3.708102
3.694342 -3.705453
3.694430 -3.705628
3.694517 -3.705804
3.694605 -3.705979
3.694693 -3.706155
3.694781 -3.706330
3.694868 -3.706506
3.694956 -3.706681
